1.957393713203917085e-01
1.565714002886750833e-01
4.238382964024574040e-01
8.486432094158237183e-01
2.540211828721256615e-01
8.572359441866168606e-01
2.003442425576853203e-01
1.768284017852713164e-01
4.507730009154189976e-01
8.594351448405890270e-01
8.236347262828127569e-01
8.437695567075230718e-01
2.375970806731018126e-01
7.825776862787973132e-01
8.395962759858839330e-01
1.493665146952001255e-01
2.584993518756940056e-01
8.649446797051176805e-01
4.330242321539883865e-01
1.416086133400539793e-01
3.414671487977861686e-01
1.557893448047669160e-01
1.349249842017610501e-01
7.675261408589821865e-01
6.834150440472359644e-01
8.583926506526513567e-01
2.587212558465513124e-01
6.071979867971233347e-01
6.905612104597886880e-01
1.425535101764407175e-01
1.650058679726663369e-01
8.131464062685077598e-01
8.438824201642318723e-01
7.360996772076714434e-01
8.224219851504883660e-01
1.878153909502798813e-01
8.434021304298970900e-01
8.649842516964204586e-01
7.292803071974603979e-01
7.798689855037247431e-01
7.558705439318036401e-01
8.234071546853176660e-01
8.115702221489893287e-01
8.396494474139486464e-01
2.999366727887983197e-01
8.642195866836465123e-01
2.106654056353916560e-01
7.784180907855009490e-01
2.122869171155844781e-01
2.438265118857824154e-01
8.539251243674843561e-01
4.230572463392246463e-01
2.739013575937837564e-01
6.738285656556117775e-01
7.639946974133552393e-01
1.535818742649963098e-01
8.500939754082306177e-01
2.096676925625070576e-01
6.533427606128789922e-01
1.854721746852386333e-01
8.532279158609621383e-01
1.935320021107364008e-01
5.571805599285537536e-01
6.136917963388314190e-01
7.350089892907437639e-01
5.168830658551839541e-01
3.782260703927078915e-01
7.368040809558005222e-01
4.943276528541707404e-01
6.861045732016146648e-01
8.285949693779469660e-01
2.015941942148860577e-01
8.665359699960266671e-01
8.188662042740684210e-01
7.538342886139985932e-01
1.619871461731338946e-01
8.134330986352911186e-01
6.565568172264073521e-01
8.612771582428870865e-01
2.357582712901697963e-01
2.091083508804941760e-01
7.677113664662718051e-01
4.299199026128706080e-01
8.612588737435645792e-01
7.030671404053366880e-01
6.489701955465631000e-01
6.649840336751342562e-01
6.921911020622191213e-01
7.814459689559879463e-01
8.349031847681807061e-01
5.387138047811856900e-01
1.549683509023478956e-01
2.236437955932573662e-01
1.910848616671623201e-01
7.943051708671906574e-01
1.640001738253009100e-01
4.275662458225997775e-01
3.614404803784648235e-01
7.768790431397809559e-01
4.547148220452296163e-01
1.402629925266312971e-01
5.224008567240411294e-01
6.557533390056038414e-01
8.024964793997921841e-01
1.726661526775372935e-01
7.935627103090138190e-01
7.151892587338152252e-01
5.555118943474774973e-01
8.605210912418128633e-01
7.355939852737816143e-01
7.684088386281207050e-01
5.408223413198395280e-01
5.720136468980312472e-01
1.681970689140517283e-01
1.595222422169342291e-01
2.868365836191146823e-01
7.896408332076261249e-01
2.037913915101757234e-01
6.717673990100545556e-01
1.458559246818233457e-01
1.917528480612789854e-01
6.540147046944272402e-01
8.465844359417411535e-01
2.820696171692373966e-01
6.426325275592816855e-01
8.159108774173822187e-01
1.726702374052466182e-01
1.596904450255293151e-01
8.619642338226279898e-01
5.251421622313201532e-01
8.500663289275227630e-01
5.225997083441332736e-01
1.840037643159201930e-01
8.503590820005753059e-01
1.358237500713404267e-01
8.394484343604199372e-01
6.940753277567162094e-01
7.703184810674795768e-01
7.070210916660749634e-01
1.718032920397895846e-01
2.802656969053594072e-01
7.204981739585900602e-01
8.588443648759110927e-01
2.896478022924748874e-01
2.002000907295748422e-01
7.981171553828750875e-01
5.873669397466068087e-01
2.159181481840050931e-01
1.766014842780211924e-01
2.393428546081913244e-01
8.429478740294957806e-01
1.674885523200439486e-01
8.322515184582610637e-01
1.549286898230159137e-01
3.649362332650530338e-01
5.049825416332653916e-01
8.592051715452805327e-01
8.459150054919615247e-01
4.193258083583376039e-01
7.362619139159748416e-01
8.246264007304111576e-01
8.594152701277457673e-01
2.455783270413936792e-01
1.778180081802229195e-01
1.442223799496860359e-01
1.708897508939980769e-01
4.176012236528562349e-01
8.663812956180954039e-01
1.945873108118227057e-01
3.737570710080294623e-01
8.046932494499309252e-01
6.779649296544758563e-01
4.957894054403254591e-01
4.334567830470558714e-01
6.075836612713541030e-01
7.564771507113752236e-01
7.852248769116655369e-01
1.555140949621624247e-01
8.261332073400786680e-01
1.522734530269971853e-01
5.158769298917650348e-01
2.025420138481030807e-01
8.203047852071158053e-01
5.098028601356422440e-01
1.601346166492935985e-01
6.801704957736639523e-01
3.906614512864203803e-01
2.117859130048912186e-01
2.762818706500345112e-01
1.580171550932263080e-01
8.090637137483460695e-01
8.487682744420305125e-01
1.504117042707722174e-01
2.122018691195086681e-01
2.087436933751571355e-01
8.545025719014784915e-01
1.569739337000309876e-01
8.476073114195894487e-01
2.231961453904707515e-01
1.485826657258829397e-01
1.796838167542049725e-01
8.296291469668976015e-01
8.249350172128935288e-01
7.237350808722622375e-01
2.488272820159158349e-01
1.443143034511496781e-01
8.422296900885587467e-01
8.611399271864333960e-01
7.552311748047990658e-01
2.819200781051928173e-01
1.583584096718393952e-01
1.679940123894942128e-01
1.677871336503298783e-01
1.477462916068777166e-01
1.395238830592933632e-01
3.026411563108654112e-01
8.634780954777644402e-01
8.560648882364441103e-01
1.401463969564926138e-01
2.597292408171008593e-01
8.123669690296468904e-01
8.317316488902785077e-01
3.382913134189204918e-01
2.199935592764930836e-01
3.284612940060882558e-01
2.400431021150075950e-01
1.471370645993206605e-01
1.737701567058391461e-01
4.068363053086335723e-01
8.371575020044323967e-01
2.983185179247074825e-01
2.359249466124981043e-01
8.276910563765430551e-01
3.708568286399711589e-01
6.300018915688295751e-01
7.878256656328452845e-01
2.665755876476813002e-01
6.278645954641348670e-01
2.701003917616355832e-01
8.529259220384023399e-01
6.606254597601555201e-01
1.768259247787967170e-01
8.448527345260931076e-01
2.091059866013589286e-01
1.431829913555922318e-01
8.536327011923676711e-01
8.475054221673441468e-01
1.629157245063892478e-01
2.274760796334204527e-01
7.978976053761294152e-01
6.060386800075403535e-01
4.938839169083616976e-01
3.759802138274708216e-01
2.758280132658011974e-01
1.844347802401927194e-01
8.417307703745793290e-01
3.274731782598530594e-01
1.454738663877515048e-01
7.843549677430148304e-01
8.519005050706485171e-01
8.532166128078497724e-01
8.674478472530692263e-01
8.585352096661893473e-01
1.887611016026622957e-01
8.335950732869542579e-01
8.394624448474642397e-01
1.617720497049720541e-01
4.052325690409446790e-01
7.473181916869426900e-01
1.568083969042039227e-01
7.990454751076990769e-01
7.010845983273872317e-01
1.462666418027917803e-01
3.036834437432173184e-01
1.589690249715997594e-01
2.163236213434568123e-01
7.337274524750403426e-01
2.265320790488427050e-01
7.432652791114967572e-01
8.573859769649517792e-01
3.860935787613569148e-01
1.783449336422194276e-01
3.979607081425254878e-01
7.752575257524735308e-01
8.600227911718958396e-01
2.352410885618367031e-01
1.559601792806599718e-01
6.548594172161178451e-01
7.083916128482901087e-01
1.688076717763089540e-01
1.906806607030409606e-01
1.685761818513726584e-01
8.419377472133060536e-01
8.663455647562693374e-01
8.539010961126017873e-01
8.478160837469739253e-01
2.510714220931102303e-01
3.164888282190564950e-01
8.012762284060069851e-01
5.666683669428309589e-01
1.965419281423320952e-01
3.479002136690237390e-01
8.580883956053025896e-01
7.110504879401469136e-01
7.409172811902318134e-01
8.667470254026057308e-01
2.702936959005831641e-01
6.189006828211142119e-01
7.493235779866254109e-01
1.743895083062779738e-01
4.978316504421547717e-01
8.228888467078135927e-01
2.320787417441630418e-01
5.350619648252664673e-01
8.677095984976059828e-01
2.027413727623247619e-01
5.766805362495961429e-01
1.422536581206555184e-01
8.321336728247952230e-01
3.270707718748254722e-01
1.546073471412132139e-01
1.529311460220575958e-01
5.671335111647275440e-01
8.549621898510076923e-01
2.415768461406489209e-01
1.569433308515833236e-01
1.508485313227069524e-01
3.536822650585731420e-01
8.056301825389639015e-01
2.542517111022126186e-01
8.601569119923409001e-01
8.467428673202423983e-01
8.561954789344936589e-01
6.806985402215376402e-01
1.395106613660250516e-01
8.420934429481065076e-01
1.496533151677624796e-01
1.482507576912359404e-01
7.270156326545365033e-01
8.097931536627280824e-01
1.748415666526726975e-01
1.422507907927849091e-01
8.669878483701775052e-01
1.803162467102703281e-01
5.584566307823708442e-01
2.047464431400081164e-01
1.616255005915770426e-01
5.643932983027974970e-01
8.542475438037759883e-01
7.379320856959015185e-01
1.865011940901383780e-01
8.563539977880556542e-01
2.330550356356265174e-01
1.596805990825343469e-01
1.637755673902613618e-01
1.522634943149781817e-01
8.567281195477036704e-01
4.223185205830225497e-01
8.421445192083056863e-01
1.418457287684681822e-01
1.591610871668171501e-01
1.552672052527746815e-01
8.369792078115696476e-01
3.951645540534272638e-01
8.535893095826861954e-01
6.036748311143657064e-01
2.228863405766091654e-01
2.593499507516386915e-01
8.270883396701677048e-01
8.632695563354116919e-01
1.720315583432981410e-01
1.590037543713453128e-01
2.480802994425652663e-01
3.701693405874530440e-01
6.811488469452791072e-01
8.171558947066992484e-01
8.203716602005256542e-01
8.503652505184936539e-01
1.666736649492084055e-01
8.633622241616314419e-01
1.676805013145261369e-01
5.412495124211798014e-01
8.180812255298457458e-01
8.590824256868941911e-01
6.403451256483229104e-01
7.610846585767860883e-01
2.065783897072792918e-01
8.033772897366635579e-01
1.807878618599257081e-01
2.851128521649150538e-01
8.121908095545693484e-01
3.493879870829689760e-01
7.922572678167609794e-01
5.397933965149187552e-01
8.557320780009364247e-01
7.002035262049199904e-01
8.479134602253222130e-01
4.554213252890728647e-01
1.567503102935165482e-01
2.231013087459193522e-01
8.327000722226742813e-01
5.393228172082672467e-01
1.821782707343905516e-01
8.000377425478557569e-01
8.649144410733814459e-01
1.630267600272286566e-01
1.543748119585241496e-01
8.639136231784931841e-01
7.435948025258060090e-01
3.509761295823184968e-01
1.562182942489097892e-01
8.387014371529545320e-01
8.126174071449959735e-01
1.613237079456087408e-01
3.420822221684871045e-01
7.720754864415020347e-01
8.031764363748814528e-01
2.110344483050863307e-01
8.436941988347690380e-01
7.868425860099202973e-01
7.156400255797714660e-01
2.171614220194996170e-01
7.959287990370007559e-01
5.748120193371832887e-01
6.205822960268116972e-01
8.283844861466234111e-01
1.670966890573903907e-01
3.392376775193710614e-01
3.311737508092248983e-01
2.099837093583236947e-01
1.917362531664362768e-01
8.015765412631111753e-01
5.643374708907136217e-01
1.760887354866802756e-01
8.426230144736669425e-01
6.163045994406025629e-01
7.363489683146218212e-01
7.958608117226670942e-01
2.433847237934677887e-01
1.432577670990852481e-01
8.417583966905597403e-01
3.527300641127847358e-01
8.035347480176013857e-01
1.366244423515140527e-01
1.789565552932400605e-01
8.514644388096008765e-01
8.288281913546080570e-01
8.584713005880530989e-01
3.566756480742577229e-01
4.050477343250765694e-01
6.561453610442055107e-01
8.623118659805230068e-01
8.159584315767171026e-01
7.242159046627115737e-01
2.277276922132449588e-01
1.616531106357720904e-01
6.395768135554902312e-01
2.275865986552091658e-01
8.464928409561982559e-01
2.293873245816849260e-01
4.155456629119724798e-01
1.549985910439264647e-01
1.593550086887326744e-01
1.753309689427174911e-01
8.508845282051045178e-01
1.906505045511003860e-01
4.572983412670102998e-01
8.474048574843250359e-01
7.877242109807787163e-01
1.583091915205783184e-01
6.519592599291851309e-01
6.769392630166282121e-01
2.230771500983101396e-01
1.721847193882761751e-01
7.514640846823603670e-01
8.425880008313997305e-01
2.800001318668090544e-01
6.768851323569515799e-01
1.918981806804708201e-01
8.413286989795761839e-01
2.386250292718525567e-01
8.586317867473913790e-01
4.686879658472214438e-01
8.616920686554955244e-01
2.865535267671381336e-01
5.434372599335063336e-01
7.043450824168748792e-01
1.718607255312399607e-01
2.453094806530278227e-01
7.518252240019763777e-01
2.057834456288383240e-01
4.340845452570982199e-01
8.455774102588697883e-01
6.688598807743720842e-01
6.579845184695798377e-01
8.141642389205000496e-01
7.469657625713905791e-01
8.464826909256334408e-01
8.596614708542416050e-01
2.421047855794488668e-01
3.569066516550162271e-01
5.334110456082039597e-01
1.867597215918633258e-01
1.605805251571062742e-01
8.140611861606366073e-01
2.707694507166539255e-01
7.199616745113608385e-01
6.941714037952383398e-01
8.470684692514007796e-01
8.334520326832087767e-01
1.684367140310874256e-01
3.980341066906106229e-01
3.548853048261103038e-01
4.780682806605921487e-01
2.043365372377698719e-01
1.514394913513905372e-01
3.971061228721198821e-01
1.476836602468745152e-01
6.375578657400566840e-01
8.406027047908112282e-01
8.040301429641959485e-01
7.371397904311857152e-01
7.150836699352681736e-01
6.423455951102192696e-01
7.948520570489302495e-01
1.744643469312307238e-01
8.521014415916634555e-01
2.615537963437234437e-01
6.526697086753594501e-01
1.914678230335878917e-01
6.216886057183808045e-01
8.389205548369590426e-01
8.216755881215489499e-01
4.211436083127892971e-01
6.325118434406908907e-01
3.946225234073123533e-01
8.441669378590062056e-01
8.664510926847477368e-01
1.748110504761153094e-01
7.222611513851707743e-01
2.230681916488545524e-01
2.537748681027258146e-01
1.708589058267297178e-01
1.714235704906665325e-01
1.492182040695460288e-01
8.452830899019094790e-01
1.514218868817800712e-01
5.601274050321861653e-01
6.264734453423157490e-01
1.743520872561292179e-01
5.270476758802866701e-01
1.744689647191953741e-01
7.340989663781412045e-01
2.794992566887321006e-01
5.289000899118514454e-01
2.818614515899319217e-01
5.504350170832160716e-01
8.461711258816352332e-01
1.586229636465771309e-01
7.300463370734111557e-01
7.858427533937837328e-01
1.657395521663013460e-01
4.815470325722541189e-01
8.328465458704482627e-01
4.558463392483282361e-01
1.681858432489571065e-01
8.259014058416122017e-01
2.020468593754615738e-01
7.131703084016562944e-01
7.096687827790244540e-01
6.606096121856240844e-01
7.473921079218524000e-01
1.624434398965759196e-01
2.835904939286869597e-01
5.550301474938189594e-01
2.046284815149563840e-01
8.163703745580214166e-01
4.158332283868622636e-01
6.579581056615593226e-01
1.994737785992036494e-01
3.453809217053789848e-01
8.555707314151500542e-01
2.134921201136686097e-01
1.574368749920346811e-01
7.191841416030628764e-01
7.933208965044191707e-01
8.576587307782992387e-01
4.506653895901858720e-01
3.628579806679111952e-01
1.412799700108972045e-01
2.198680189253548189e-01
8.593664716305242646e-01
1.788610585181997226e-01
2.022733201293966387e-01
4.355668240970498872e-01
8.269403047347506641e-01
2.889121148211457601e-01
8.514741751668251091e-01
8.182829856057052265e-01
1.420841215324351869e-01
