7.747552931297732037e-01
2.252447068702267408e-01
3.030982991936717053e-01
6.969017008063282947e-01
3.808858597833869597e-01
6.191141402166130403e-01
8.546007736220437856e-01
1.453992263779561867e-01
4.841626384496764413e-01
5.158373615503235587e-01
8.540621896612576869e-02
9.145937810338742313e-01
5.493884310433840845e-01
4.506115689566158600e-01
5.768002285578821553e-02
9.423199771442117845e-01
5.478868965638128419e-01
4.521131034361872136e-01
5.896198775561276584e-01
4.103801224438722861e-01
1.142792088018829144e-01
8.857207911981170856e-01
1.087956950592976479e-01
8.912043049407023521e-01
3.694129327266291174e-01
6.305870672733708826e-01
5.269712996619511092e-01
4.730287003380489463e-01
3.800195915803087354e-01
6.199804084196912646e-01
1.912249496651367009e-01
8.087750503348632991e-01
8.380434146838015019e-01
1.619565853161984703e-01
1.008095303201321791e-01
8.991904696798678209e-01
8.697270154588250257e-01
1.302729845411749465e-01
3.391884116400547544e-01
6.608115883599452456e-01
2.764973206348492196e-01
7.235026793651507804e-01
8.605742188073064458e-01
1.394257811926935264e-01
6.666404828218712719e-01
3.333595171781286726e-01
4.639937861796578078e-01
5.360062138203421922e-01
2.897421098024554054e-01
7.102578901975445946e-01
7.545526268359272759e-01
2.454473731640726963e-01
2.157541541767887816e-01
7.842458458232112184e-01
5.745739103112594837e-01
4.254260896887405718e-01
7.933747945792496425e-01
2.066252054207503575e-01
7.666032686741529600e-01
2.333967313258470122e-01
1.055466176080328555e-01
8.944533823919671445e-01
1.960663085273384176e-01
8.039336914726615824e-01
6.979383897674189541e-01
3.020616102325810459e-01
1.272669930818337569e-01
8.727330069181662431e-01
8.098124832066907475e-01
1.901875167933092803e-01
4.539123931075292884e-01
5.460876068924707116e-01
1.744958258057356382e-01
8.255041741942643618e-01
2.844270114946481076e-01
7.155729885053518924e-01
7.630999758942618172e-01
2.369000241057381273e-01
7.457162215493907675e-01
2.542837784506092325e-01
3.052718323598706540e-01
6.947281676401293460e-01
1.501388385344191168e-01
8.498611614655808832e-01
2.853245517038288659e-01
7.146754482961711341e-01
7.662763507318666178e-01
2.337236492681333266e-01
6.695357077084544972e-01
3.304642922915455028e-01
7.171588629964783523e-01
2.828411370035216477e-01
6.291202554063344277e-01
3.708797445936656278e-01
6.838672969219758979e-01
3.161327030780241021e-01
3.957358512997722899e-01
6.042641487002277101e-01
6.935267946445271559e-01
3.064732053554728997e-01
1.197916173809094875e-01
8.802083826190905125e-01
2.541624498612765626e-01
7.458375501387234374e-01
1.181216768752311186e-01
8.818783231247688814e-01
3.450475730365685223e-01
6.549524269634314777e-01
7.367861604639041051e-01
2.632138395360958949e-01
7.628997717659481426e-01
2.371002282340518574e-01
4.818358872880743604e-01
5.181641127119256396e-01
4.787034615183078934e-01
5.212965384816921066e-01
2.009827158140505832e-01
7.990172841859494168e-01
4.687009409301680085e-01
5.312990590698319915e-01
8.617131899403088768e-01
1.382868100596910954e-01
7.211375969563331711e-01
2.788624030436667733e-01
3.323232766403604321e-01
6.676767233596395679e-01
7.818279203018977386e-01
2.181720796981022337e-01
1.877355467626702357e-01
8.122644532373297643e-01
2.376655505779743383e-01
7.623344494220256617e-01
6.894301516388802176e-01
3.105698483611197824e-01
2.521237167598935347e-01
7.478762832401064653e-01
5.975444424614027028e-01
4.024555575385972972e-01
5.516944904535250327e-01
4.483055095464749118e-01
7.014709160681413813e-01
2.985290839318586187e-01
1.899223599180107636e-01
8.100776400819892364e-01
6.824624785897379642e-01
3.175375214102620913e-01
3.975335260911456725e-01
6.024664739088543275e-01
2.321616549275871133e-01
7.678383450724128867e-01
6.656084072759969050e-01
3.343915927240030395e-01
2.887553848287505165e-01
7.112446151712494835e-01
1.758229056714929461e-01
8.241770943285070539e-01
6.315917899627288001e-01
3.684082100372712554e-01
4.063946161198735973e-01
5.936053838801264027e-01
8.801471906292174241e-01
1.198528093707826037e-01
1.875040613377286780e-01
8.124959386622713220e-01
7.438908931017684800e-01
2.561091068982315755e-01
2.358386249910672250e-01
7.641613750089327750e-01
2.296758489258332592e-01
7.703241510741667408e-01
1.516161302329347427e-01
8.483838697670652573e-01
8.013293680246452722e-01
1.986706319753547556e-01
6.674048293803092058e-01
3.325951706196907387e-01
6.145031325454605176e-01
3.854968674545394824e-01
7.856785988935903742e-01
2.143214011064096813e-01
7.672342009678365660e-01
2.327657990321634618e-01
9.927708971631721280e-02
9.007229102836827872e-01
7.987060701560224629e-01
2.012939298439774816e-01
5.300040655445230620e-01
4.699959344554769380e-01
2.029121151028964176e-01
7.970878848971035824e-01
6.426773475603145824e-01
3.573226524396854176e-01
9.518617372818283240e-02
9.048138262718171676e-01
7.008044898459091510e-01
2.991955101540909046e-01
1.388646705295424333e-01
8.611353294704575667e-01
8.714831391617227085e-01
1.285168608382772637e-01
4.281376710297030153e-01
5.718623289702969847e-01
2.002108405584928086e-01
7.997891594415071914e-01
8.227487058075417803e-01
1.772512941924581920e-01
7.109605349746863645e-01
2.890394650253136355e-01
4.128758738577382736e-01
5.871241261422617264e-01
2.400828781050171612e-01
7.599171218949828388e-01
4.410615354189469928e-01
5.589384645810530072e-01
3.348621459026426272e-01
6.651378540973573728e-01
5.876766616889792516e-01
4.123233383110207484e-01
2.447419349928164900e-01
7.552580650071835100e-01
3.129340589143302376e-01
6.870659410856697624e-01
4.663256948258879264e-01
5.336743051741120736e-01
8.801870081659146638e-02
9.119812991834085336e-01
7.907327972854274467e-01
2.092672027145725255e-01
8.820857707343817689e-01
1.179142292656182311e-01
2.417389252074201300e-01
7.582610747925798700e-01
7.106043247603214263e-01
2.893956752396785737e-01
1.682179189938127761e-01
8.317820810061872239e-01
5.653008727082834417e-01
4.346991272917165583e-01
2.810989138925167330e-01
7.189010861074832670e-01
2.200025603298993992e-01
7.799974396701006008e-01
1.435781291360890277e-01
8.564218708639109723e-01
2.573640275922968179e-01
7.426359724077031821e-01
3.916934188904069858e-01
6.083065811095930142e-01
7.735466226620827390e-01
2.264533773379172610e-01
1.810488357365687140e-01
8.189511642634312860e-01
7.147570998348722338e-01
2.852429001651278218e-01
9.145576863336434270e-01
8.544231366635660074e-02
6.724405255846480634e-01
3.275594744153519366e-01
8.140308407853233952e-01
1.859691592146765493e-01
4.932407796657543031e-01
5.067592203342456969e-01
7.625381377759021806e-01
2.374618622240978749e-01
8.000911755688927540e-01
1.999088244311072737e-01
7.676125416239538701e-01
2.323874583760460744e-01
4.103276039482022242e-01
5.896723960517977758e-01
1.464749439547421428e-01
8.535250560452578572e-01
2.549668536934056595e-01
7.450331463065943405e-01
4.084415338381869320e-01
5.915584661618130680e-01
5.403138280060613141e-01
4.596861719939386304e-01
5.780641856714826554e-01
4.219358143285173446e-01
8.218224277068254535e-01
1.781775722931745465e-01
4.431733448312250578e-01
5.568266551687749422e-01
8.494545191758133829e-01
1.505454808241865894e-01
1.211238332139553675e-01
8.788761667860446325e-01
5.240403365634180854e-01
4.759596634365818590e-01
4.807494388525975770e-01
5.192505611474024230e-01
8.199918977369426987e-01
1.800081022630573568e-01
7.336059238297814034e-01
2.663940761702186522e-01
3.593117594436628925e-01
6.406882405563371075e-01
6.918980462529495945e-01
3.081019537470503500e-01
1.087365335722283444e-01
8.912634664277716556e-01
8.906095745468136649e-01
1.093904254531863907e-01
1.498748433924599333e-01
8.501251566075400667e-01
3.912860860587599188e-01
6.087139139412400812e-01
7.164254156171561139e-01
2.835745843828438306e-01
8.447894595188679689e-01
1.552105404811320588e-01
6.376180410261321763e-01
3.623819589738678237e-01
6.541120955510504320e-02
9.345887904448949568e-01
8.694846918476466513e-01
1.305153081523533765e-01
4.152294151561407576e-01
5.847705848438592424e-01
4.775980378394169001e-01
5.224019621605830999e-01
2.346038137385948463e-01
7.653961862614051537e-01
3.200956931557858987e-01
6.799043068442141013e-01
7.643927031484184509e-01
2.356072968515815769e-01
2.084311830681142563e-01
7.915688169318857437e-01
8.299476305036272983e-01
1.700523694963726740e-01
8.380897346826673422e-01
1.619102653173326578e-01
1.619728258822011879e-01
8.380271741177988121e-01
7.957001254147478830e-01
2.042998745852521447e-01
2.121293877801073702e-01
7.878706122198926298e-01
4.705108424934418831e-01
5.294891575065581169e-01
7.005441473563922550e-01
2.994558526436077450e-01
2.753644652392509551e-01
7.246355347607490449e-01
5.995249310606728388e-01
4.004750689393271612e-01
8.337289263598003375e-01
1.662710736401996348e-01
6.204531337926211254e-02
9.379546866207378875e-01
4.870426165649665018e-01
5.129573834350334982e-01
3.110910748957550487e-01
6.889089251042449513e-01
4.028337524402211267e-01
5.971662475597788733e-01
1.074140966921424134e-01
8.925859033078575866e-01
7.952776804177432712e-01
2.047223195822567565e-01
3.091826683736863535e-01
6.908173316263136465e-01
6.285382546898030665e-01
3.714617453101968780e-01
1.324324195273892668e-01
8.675675804726107332e-01
7.003891097069389060e-01
2.996108902930610940e-01
7.210840426290789917e-01
2.789159573709209528e-01
3.583060482818368753e-01
6.416939517181631247e-01
2.458300567480899979e-01
7.541699432519100021e-01
8.451048626352930526e-02
9.154895137364706947e-01
7.408156177108450313e-01
2.591843822891549687e-01
8.745214568092576357e-01
1.254785431907423088e-01
1.677768226446947342e-01
8.322231773553052658e-01
8.104620537338482755e-01
1.895379462661516967e-01
2.266176958577440503e-01
7.733823041422559497e-01
6.962108785889777884e-01
3.037891214110222671e-01
8.044627498249220521e-01
1.955372501750779202e-01
6.729421721480013385e-01
3.270578278519986060e-01
8.820528964717498921e-01
1.179471035282501079e-01
4.409018482490690838e-01
5.590981517509309162e-01
2.765600910709224980e-01
7.234399089290775020e-01
2.407063051257392061e-01
7.592936948742607939e-01
4.215434071532651039e-01
5.784565928467348961e-01
7.792908816866390698e-01
2.207091183133609580e-01
2.940071677368172320e-01
7.059928322631827680e-01
6.308425205685381787e-01
3.691574794314617658e-01
3.977702984985614920e-01
6.022297015014385080e-01
6.826207026601880390e-01
3.173792973398120165e-01
6.189084228082992745e-01
3.810915771917006700e-01
3.887154628048921090e-01
6.112845371951078910e-01
7.919134514647436784e-01
2.080865485352562660e-01
8.529016344164433994e-01
1.470983655835565729e-01
2.607627130177095909e-01
7.392372869822904091e-01
2.462849161914668628e-01
7.537150838085331372e-01
8.832752993600635483e-01
1.167247006399364517e-01
3.351956833473911379e-01
6.648043166526088621e-01
1.305861396883976067e-01
8.694138603116023933e-01
5.379084381997933928e-02
9.462091561800206607e-01
9.075732578175121912e-02
9.092426742182487809e-01
2.940000738969399396e-01
7.059999261030600604e-01
7.137817744091430328e-01
2.862182255908570228e-01
8.479963335887334974e-01
1.520036664112665581e-01
5.545564928127481030e-01
4.454435071872518970e-01
8.232265096555069217e-01
1.767734903444930505e-01
6.992637876058411806e-01
3.007362123941588194e-01
3.451796472403576566e-01
6.548203527596423434e-01
5.658376240315929895e-01
4.341623759684070105e-01
5.250118995459596150e-01
4.749881004540403295e-01
2.501785211393385833e-01
7.498214788606614167e-01
8.514399603085033297e-01
1.485600396914966703e-01
3.082431900149278370e-01
6.917568099850721630e-01
8.141786147516354433e-01
1.858213852483645290e-01
8.428221123413347504e-01
1.571778876586652218e-01
6.515244178087788995e-01
3.484755821912211560e-01
8.046685713446382060e-01
1.953314286553617662e-01
2.381864509952105191e-01
7.618135490047894809e-01
1.235410017747530231e-01
8.764589982252469769e-01
7.885955250360763280e-01
2.114044749639236720e-01
4.168275885381652612e-01
5.831724114618347388e-01
8.408238364704130330e-01
1.591761635295869670e-01
6.708738063850475664e-01
3.291261936149524336e-01
8.339623888627698545e-01
1.660376111372301178e-01
3.279139828686696845e-01
6.720860171313303155e-01
3.933596757974529012e-01
6.066403242025470988e-01
2.296419849945514624e-01
7.703580150054485376e-01
2.435871938672012904e-01
7.564128061327987096e-01
8.290994116521788193e-01
1.709005883478211807e-01
6.263772948727899248e-01
3.736227051272100752e-01
7.610415509059393901e-01
2.389584490940605543e-01
2.783216366203323799e-01
7.216783633796676201e-01
2.452105936149009402e-01
7.547894063850990598e-01
2.608521396024128247e-01
7.391478603975871753e-01
7.064615123949058439e-01
2.935384876050941005e-01
6.586861210974670477e-01
3.413138789025328967e-01
4.880684754086775934e-01
5.119315245913224066e-01
9.059105505827159677e-01
9.408944941728406008e-02
3.234013389696906993e-01
6.765986610303093007e-01
2.283815099021858641e-01
7.716184900978141359e-01
6.383318050927971887e-01
3.616681949072028113e-01
7.851447878525716906e-01
2.148552121474282817e-01
4.567263409995045986e-01
5.432736590004954014e-01
1.400227752450674545e-01
8.599772247549325455e-01
1.680629279556842270e-01
8.319370720443157730e-01
1.856923528364236020e-01
8.143076471635763980e-01
8.425977031918545634e-01
1.574022968081454921e-01
1.427892016915015549e-01
8.572107983084984451e-01
6.503552938098096092e-01
3.496447061901903908e-01
3.431909178526120208e-01
6.568090821473879792e-01
7.548105370633297895e-01
2.451894629366701550e-01
6.424312942224648104e-01
3.575687057775352451e-01
8.234033234350260910e-01
1.765966765649739090e-01
7.730088405159403209e-01
2.269911594840596791e-01
7.815835614620708638e-01
2.184164385379291640e-01
3.252136601216117917e-01
6.747863398783882083e-01
3.326197855456995978e-01
6.673802144543004022e-01
7.697732300343615996e-01
2.302267699656384004e-01
2.592725312914212488e-01
7.407274687085787512e-01
6.822687190087388664e-01
3.177312809912611891e-01
7.731849771659826676e-01
2.268150228340173324e-01
8.083496844760218458e-01
1.916503155239781542e-01
1.305273920359348860e-01
8.694726079640651140e-01
3.846867375250163645e-01
6.153132624749836355e-01
6.823761098065574959e-01
3.176238901934424486e-01
7.938851155521533531e-01
2.061148844478467024e-01
8.305306824652618491e-01
1.694693175347382064e-01
6.743864527927453389e-01
3.256135472072546611e-01
1.103084334749746542e-01
8.896915665250253458e-01
8.061096141585877284e-01
1.938903858414123271e-01
7.825281671260770899e-01
2.174718328739229378e-01
5.395631853554074819e-01
4.604368146445925736e-01
5.314011412323882411e-01
4.685988587676117034e-01
6.654068266337025417e-01
3.345931733662974028e-01
3.425650739874337436e-01
6.574349260125662564e-01
7.253445315293969298e-01
2.746554684706031257e-01
2.239428882025887857e-01
7.760571117974112143e-01
2.568583989260129208e-01
7.431416010739870792e-01
1.292628226378275125e-01
8.707371773621724875e-01
7.164502441713939129e-01
2.835497558286060871e-01
3.848237561878721236e-01
6.151762438121278764e-01
1.351382866679754491e-01
8.648617133320245509e-01
7.971347026731353536e-01
2.028652973268646742e-01
7.064599828316815433e-01
2.935400171683184567e-01
5.562001964920850750e-01
4.437998035079149806e-01
8.736700477349137461e-01
1.263299522650863094e-01
6.535920084167415878e-01
3.464079915832584122e-01
8.388720264446670738e-01
1.611279735553329262e-01
6.248611057436370686e-02
9.375138894256362931e-01
5.318333844612321837e-01
4.681666155387678718e-01
1.186029892818323273e-01
8.813970107181676727e-01
3.382792526350916207e-01
6.617207473649083793e-01
7.105358263869293589e-01
2.894641736130706411e-01
4.646060255354024227e-01
5.353939744645975773e-01
7.506548803378444434e-01
2.493451196621555288e-01
8.663292784764533572e-01
1.336707215235466983e-01
6.799162494061580242e-01
3.200837505938419758e-01
1.224684393541218830e-01
8.775315606458781170e-01
7.684836465240945103e-01
2.315163534759054620e-01
5.244178113176454215e-01
4.755821886823546341e-01
5.835868968245213617e-01
4.164131031754786383e-01
3.439289270356445938e-01
6.560710729643554062e-01
1.932836558424191331e-01
8.067163441575808669e-01
3.039013407769167729e-01
6.960986592230832271e-01
8.199955054466510074e-01
1.800044945533489926e-01
7.264452348741284871e-01
2.735547651258715129e-01
6.631187910090849957e-01
3.368812089909149488e-01
6.682226068917639372e-01
3.317773931082360628e-01
5.214163222336705150e-01
4.785836777663294850e-01
1.436634446459126302e-01
8.563365553540873698e-01
8.071205108987402621e-01
1.928794891012597379e-01
7.473556047766978239e-01
2.526443952233022316e-01
8.603489230291194723e-01
1.396510769708805000e-01
1.984581345095788318e-01
8.015418654904211682e-01
4.096608446900158462e-01
5.903391553099841538e-01
2.192830814726847155e-01
7.807169185273152845e-01
7.740442626959340711e-01
2.259557373040659289e-01
2.966207128215291311e-01
7.033792871784708689e-01
8.355661615745659798e-01
1.644338384254339924e-01
9.183997481249666084e-01
8.160025187503337774e-02
6.514177496480721974e-01
3.485822503519278026e-01
8.799929411355968956e-01
1.200070588644031461e-01
6.591079255361865785e-01
3.408920744638134215e-01
7.689476568172325388e-01
2.310523431827674334e-01
5.955280264778739507e-01
4.044719735221260493e-01
6.100011107650336051e-01
3.899988892349664504e-01
7.051318013667581264e-01
2.948681986332418736e-01
5.038387208337076206e-01
4.961612791662923794e-01
8.895871759491896791e-01
1.104128240508103348e-01
2.365511931705069903e-01
7.634488068294930097e-01
2.107814729670532961e-01
7.892185270329467039e-01
8.875388741054582864e-01
1.124611258945416858e-01
6.657452823487685079e-01
3.342547176512314921e-01
3.313244223697366930e-01
6.686755776302633070e-01
6.856589900495673184e-01
3.143410099504326261e-01
8.401504574453474428e-01
1.598495425546525850e-01
7.420580972816779308e-01
2.579419027183220692e-01
4.285827487043077921e-01
5.714172512956922079e-01
7.053848776694892075e-01
2.946151223305107925e-01
6.898141210084073327e-01
3.101858789915926673e-01
7.267575574544784534e-01
2.732424425455215466e-01
7.272259554175042329e-01
2.727740445824957116e-01
7.569383742384062641e-01
2.430616257615937637e-01
3.124863841181906299e-01
6.875136158818093701e-01
8.948182509993829470e-01
1.051817490006170669e-01
7.218273145847009520e-01
2.781726854152991035e-01
2.337316620666334277e-01
7.662683379333665723e-01
2.707344769018029673e-01
7.292655230981970327e-01
6.591730140124956172e-01
3.408269859875043828e-01
5.518908826528974298e-01
4.481091173471025702e-01
7.274140929828896152e-01
2.725859070171103293e-01
3.062916130805288795e-01
6.937083869194711205e-01
1.389403265347836092e-01
8.610596734652163908e-01
3.101267267477383349e-01
6.898732732522616651e-01
3.746789645097517996e-01
6.253210354902482004e-01
1.186345188812190088e-01
8.813654811187809912e-01
2.982928513070030041e-01
7.017071486929969959e-01
5.114470365594605550e-01
4.885529634405394450e-01
1.630720540273303820e-01
8.369279459726696180e-01
6.311286677707198534e-01
3.688713322292801466e-01
7.866406282565676644e-01
2.133593717434322801e-01
6.912490361649852311e-01
3.087509638350147134e-01
5.022577349157667514e-01
4.977422650842332486e-01
6.092634663101275105e-01
3.907365336898725450e-01
3.022699773632381293e-01
6.977300226367618707e-01
8.256630539011164949e-01
1.743369460988834774e-01
4.372876897304781574e-01
5.627123102695218426e-01
3.799507474405000584e-01
6.200492525594999416e-01
2.730122510733596908e-01
7.269877489266403092e-01
6.049607591598703538e-01
3.950392408401296462e-01
8.423734166733332085e-02
9.157626583326666792e-01
6.421705261636578843e-01
3.578294738363420602e-01
6.975930580678904036e-01
3.024069419321095409e-01
7.504619170973904074e-01
2.495380829026095648e-01
8.326836349492818812e-01
1.673163650507180911e-01
7.779850181886412974e-01
2.220149818113586748e-01
7.204905024477679110e-01
2.795094975522321445e-01
2.734569447073634807e-01
7.265430552926365193e-01
1.776832248740319864e-01
8.223167751259680136e-01
1.024216314815393769e-01
8.975783685184606231e-01
4.416407264669838240e-01
5.583592735330161760e-01
5.848688040992969794e-01
4.151311959007030206e-01
8.478850906853677705e-01
1.521149093146322018e-01
2.338732070135116636e-01
7.661267929864883364e-01
7.898451653089928470e-01
2.101548346910070975e-01
2.663640800592509406e-01
7.336359199407490594e-01
7.536053950042669314e-01
2.463946049957330409e-01
1.248191861905705302e-01
8.751808138094294698e-01
8.786111732850763190e-01
1.213888267149236810e-01
1.919745255072720092e-01
8.080254744927279908e-01
4.630956208374468197e-01
5.369043791625531803e-01
1.474778437645675178e-01
8.525221562354324822e-01
8.314432052732414480e-01
1.685567947267585520e-01
5.152627783776967396e-01
4.847372216223032604e-01
2.753640617062256268e-01
7.246359382937743732e-01
4.636331431548439408e-01
5.363668568451560592e-01
3.319555938848434140e-01
6.680444061151565860e-01
8.571830867710577007e-01
1.428169132289422438e-01
9.028123836838933824e-01
9.718761631610658980e-02
8.730973779446198346e-01
1.269026220553801376e-01
8.524625540617796204e-01
1.475374459382203796e-01
6.667541407211425852e-01
3.332458592788574703e-01
7.200330460545742994e-01
2.799669539454257561e-01
5.261048906973937456e-01
4.738951093026061989e-01
3.895255143529194886e-01
6.104744856470805114e-01
5.845172488079923845e-01
4.154827511920076155e-01
1.721466757031134831e-01
8.278533242968865169e-01
7.843136807389631260e-01
2.156863192610368740e-01
2.189024782976977113e-01
7.810975217023022887e-01
6.531299790833464680e-01
3.468700209166535875e-01
6.873459101697483309e-01
3.126540898302516691e-01
8.255041236525165749e-01
1.744958763474834529e-01
8.009333524173803953e-01
1.990666475826195769e-01
2.054213080566194005e-01
7.945786919433805995e-01
3.594764879105425415e-01
6.405235120894574585e-01
1.859541069585801676e-01
8.140458930414198324e-01
2.382261937178252742e-01
7.617738062821747258e-01
3.218543156727161625e-01
6.781456843272838375e-01
2.778174616380035822e-01
7.221825383619964178e-01
5.110844831373033692e-01
4.889155168626966863e-01
8.642822693041218862e-01
1.357177306958781415e-01
6.216667605463501722e-01
3.783332394536498278e-01
3.075860340542346805e-01
6.924139659457653195e-01
6.725707633442135069e-02
9.327429236655786493e-01
2.333598013170787855e-01
7.666401986829212145e-01
6.741343028662212244e-01
3.258656971337787756e-01
2.258481079846673678e-01
7.741518920153326322e-01
6.849778112444655509e-01
3.150221887555345046e-01
6.616647273541935714e-01
3.383352726458064841e-01
1.583224509819356474e-01
8.416775490180643526e-01
5.640269511966223837e-01
4.359730488033776163e-01
2.554520774058711696e-01
7.445479225941288304e-01
2.829225411779509036e-01
7.170774588220490964e-01
9.376867496254714940e-02
9.062313250374528506e-01
1.697570081678657639e-01
8.302429918321342361e-01
2.400871504991326510e-01
7.599128495008673490e-01
7.168816718901359630e-01
2.831183281098640370e-01
3.667547827556497664e-01
6.332452172443502336e-01
6.978204246086616713e-02
9.302179575391338329e-01
6.572156753792989248e-01
3.427843246207010752e-01
1.490450422748812453e-01
8.509549577251187547e-01
8.418639633649941389e-01
1.581360366350058611e-01
6.303143080774691320e-01
3.696856919225308125e-01
1.933099143412254639e-01
8.066900856587745361e-01
1.538851173717519227e-01
8.461148826282480773e-01
1.263664437015314945e-01
8.736335562984685055e-01
6.916181959962319770e-01
3.083818040037679675e-01
3.188599757370492727e-01
6.811400242629507273e-01
1.696431156551266861e-01
8.303568843448733139e-01
1.772420964593426351e-01
8.227579035406573649e-01
1.318010077591322826e-01
8.681989922408677174e-01
1.898896532549511074e-01
8.101103467450488926e-01
9.573239482899853492e-02
9.042676051710014651e-01
3.865176374808296789e-01
6.134823625191703211e-01
8.076590447086654523e-01
1.923409552913345755e-01
1.103299855228040416e-01
8.896700144771959584e-01
3.507332422944916539e-01
6.492667577055083461e-01
5.804528939897787287e-01
4.195471060102212713e-01
6.144815516666268795e-02
9.385518448333373120e-01
8.370522281900858452e-01
1.629477718099142103e-01
4.458040906184310703e-01
5.541959093815689297e-01
5.366155349353316506e-01
4.633844650646682939e-01
1.654340555919867617e-01
8.345659444080132383e-01
5.069355304542858542e-01
4.930644695457141458e-01
1.787938877624238865e-01
8.212061122375761135e-01
8.817903437180844017e-01
1.182096562819155983e-01
7.358343726257718931e-01
2.641656273742281624e-01
7.286331122972902197e-01
2.713668877027097803e-01
7.844964043617502769e-01
2.155035956382496953e-01
3.978583921336282803e-01
6.021416078663717197e-01
8.445945019827385547e-01
1.554054980172613898e-01
8.085330660793390578e-01
1.914669339206609144e-01
1.818437857376686839e-01
8.181562142623313161e-01
6.258745658024220671e-01
3.741254341975779885e-01
1.363528673112737177e-01
8.636471326887262823e-01
7.082647646601312186e-01
2.917352353398687814e-01
2.945083211722717698e-01
7.054916788277282302e-01
6.065169650395700884e-01
3.934830349604299671e-01
2.373333903167756942e-01
7.626666096832243058e-01
8.814047861352708457e-01
1.185952138647291126e-01
4.259405548943125952e-01
5.740594451056874048e-01
6.323896036114721175e-01
3.676103963885278825e-01
3.568124470177402863e-01
6.431875529822597137e-01
6.091678482375704196e-01
3.908321517624296360e-01
6.653536562318550507e-01
3.346463437681449493e-01
7.682008637675104001e-01
2.317991362324896276e-01
8.549858383009912854e-01
1.450141616990087146e-01
7.563875073363461876e-01
2.436124926636538679e-01
1.738742911173863925e-01
8.261257088826136075e-01
7.373378171302071848e-01
2.626621828697928707e-01
1.496611897722175399e-01
8.503388102277824601e-01
2.999274318104326875e-01
7.000725681895673125e-01
1.007795315473619668e-01
8.992204684526380332e-01
2.707690532795836713e-01
7.292309467204163287e-01
7.462309636974121529e-01
2.537690363025878471e-01
1.370118078193461875e-01
8.629881921806538125e-01
1.522670587344603366e-01
8.477329412655396634e-01
7.292813160389590710e-01
2.707186839610409290e-01
3.384363020628259333e-01
6.615636979371740667e-01
4.476001910952850382e-01
5.523998089047149618e-01
2.358860104654370016e-01
7.641139895345629984e-01
5.589113654287911626e-01
4.410886345712087819e-01
2.525826473794636762e-01
7.474173526205363238e-01
4.794662872783217455e-01
5.205337127216782545e-01
2.675725620123348136e-01
7.324274379876651864e-01
2.368821182814557780e-01
7.631178817185442220e-01
3.257785406295459207e-01
6.742214593704540793e-01
4.953404874565909832e-01
5.046595125434090168e-01
5.634812937029729518e-01
4.365187062970270482e-01
4.705630654534420643e-02
9.529436934546557936e-01
6.661813807735108561e-01
3.338186192264891994e-01
2.036784872806695068e-01
7.963215127193304932e-01
7.977454738532968603e-01
2.022545261467031397e-01
4.308252348122062481e-01
5.691747651877937519e-01
7.517363459971898587e-01
2.482636540028101135e-01
1.070209921994930147e-01
8.929790078005069853e-01
6.837050893597946821e-01
3.162949106402053179e-01
1.498356561553245703e-01
8.501643438446754297e-01
2.097683755492028013e-01
7.902316244507971987e-01
8.286420652807862108e-01
1.713579347192137614e-01
4.885010112627987677e-01
5.114989887372012323e-01
6.960895945735701140e-01
3.039104054264299415e-01
3.222635361062985426e-01
6.777364638937014574e-01
6.312328497941070982e-01
3.687671502058928463e-01
8.590655414389697375e-01
1.409344585610302902e-01
4.324517352814412074e-01
5.675482647185587926e-01
6.653127536931775499e-01
3.346872463068225056e-01
1.403133121383342008e-01
8.596866878616657992e-01
6.462699865010214095e-01
3.537300134989785905e-01
5.239884941174470789e-01
4.760115058825529211e-01
3.656491965056686277e-01
6.343508034943313723e-01
8.375751174689785028e-01
1.624248825310214694e-01
6.625344734927789414e-01
3.374655265072210031e-01
5.841207014109059958e-01
4.158792985890940597e-01
8.243137969152209976e-01
1.756862030847790301e-01
7.828252255462870846e-01
2.171747744537129432e-01
3.399063734701245343e-01
6.600936265298754657e-01
2.940838816011482892e-01
7.059161183988517108e-01
8.123220083734905561e-01
1.876779916265094161e-01
3.107747881331593964e-01
6.892252118668406036e-01
8.052435489792155732e-01
1.947564510207843991e-01
1.228725745502047273e-01
8.771274254497952727e-01
3.415245990340701754e-01
6.584754009659298246e-01
2.917805549041200264e-01
7.082194450958799736e-01
3.810755764791056155e-01
6.189244235208943845e-01
8.542129622779032205e-01
1.457870377220967517e-01
7.587965619557091035e-01
2.412034380442908688e-01
7.290832999023220129e-01
2.709167000976779316e-01
2.244522493305524113e-01
7.755477506694475887e-01
8.235197347815738089e-01
1.764802652184262188e-01
8.278459593475731015e-01
1.721540406524269540e-01
8.972120727468390067e-01
1.027879272531610350e-01
8.061368850725995072e-01
1.938631149274004650e-01
6.515311557725131930e-01
3.484688442274868625e-01
1.905917096911935449e-01
8.094082903088064551e-01
2.628348409874072811e-01
7.371651590125927189e-01
4.133937832297064352e-01
5.866062167702935648e-01
8.686069818196757719e-01
1.313930181803242281e-01
7.873455552712559369e-01
2.126544447287440909e-01
8.522364607132060232e-02
9.147763539286793977e-01
2.709963191097841673e-01
7.290036808902158327e-01
6.371001107072855607e-01
3.628998892927144948e-01
6.815330365288339021e-01
3.184669634711660979e-01
3.657936590996105908e-01
6.342063409003894092e-01
7.066866598890817475e-01
2.933133401109181970e-01
1.637617479804497345e-01
8.362382520195502655e-01
7.533940497789917146e-01
2.466059502210083410e-01
3.840363807213773573e-01
6.159636192786226427e-01
2.205099613506527056e-01
7.794900386493472944e-01
2.427441085334829385e-01
7.572558914665170615e-01
6.158390766083146062e-01
3.841609233916854493e-01
7.489874964818656888e-01
2.510125035181343112e-01
4.321413651887175966e-01
5.678586348112824034e-01
3.790886420480662489e-01
6.209113579519337511e-01
7.680607393804850247e-02
9.231939260619514975e-01
2.496439172730098299e-01
7.503560827269901701e-01
2.848345501070015384e-01
7.151654498929984616e-01
7.560082700130904554e-01
2.439917299869095446e-01
3.141267702171460785e-01
6.858732297828539215e-01
8.002015090767005123e-01
1.997984909232994599e-01
6.438039184015362792e-01
3.561960815984637208e-01
7.332980812945023574e-01
2.667019187054976426e-01
2.962819071917013325e-01
7.037180928082986675e-01
