5.464788352733910282e-01
4.535211647266089163e-01
7.187764723234882913e-01
2.812235276765118197e-01
5.348568674822742341e-01
4.651431325177257659e-01
3.138433360878745138e-01
6.861566639121254862e-01
5.838223758082585757e-01
4.161776241917414243e-01
2.714211233529127965e-01
7.285788766470872035e-01
6.134741643688871315e-01
3.865258356311127574e-01
7.156533878062064646e-01
2.843466121937934799e-01
4.871086162350798388e-01
5.128913837649201612e-01
2.529887246115698485e-01
7.470112753884301515e-01
3.068331904284444245e-01
6.931668095715556310e-01
2.528519790286740676e-01
7.471480209713258214e-01
6.633487114893098502e-01
3.366512885106900388e-01
2.975132229895021130e-01
7.024867770104978870e-01
4.191271149021404963e-01
5.808728850978595037e-01
6.544031916724695197e-01
3.455968083275303693e-01
6.535082316988316542e-01
3.464917683011683458e-01
2.519669452786622021e-01
7.480330547213377423e-01
4.921850175963612961e-01
5.078149824036386484e-01
6.988074433930956397e-01
3.011925566069042493e-01
5.611485754079521548e-01
4.388514245920477896e-01
6.915003970010519252e-01
3.084996029989480193e-01
7.158742620687604807e-01
2.841257379312394638e-01
4.839887293216591502e-01
5.160112706783408498e-01
3.647394018915059433e-01
6.352605981084941122e-01
2.936638228021054009e-01
7.063361771978946546e-01
5.658382342813027543e-01
4.341617657186971346e-01
6.387879212453609901e-01
3.612120787546389544e-01
5.313612738446337191e-01
4.686387261553662809e-01
7.519550725871950725e-01
2.480449274128047887e-01
6.876768528326152596e-01
3.123231471673847404e-01
4.073800819581180899e-01
5.926199180418818546e-01
3.776309647396975944e-01
6.223690352603024056e-01
4.650002999766440492e-01
5.349997000233559508e-01
4.384320744738151587e-01
5.615679255261848413e-01
5.365476029266780245e-01
4.634523970733219755e-01
4.831020015549459812e-01
5.168979984450540188e-01
2.472165137697298620e-01
7.527834862302701380e-01
4.504941756603613734e-01
5.495058243396386821e-01
3.879642753101740782e-01
6.120357246898259218e-01
4.397929639080178088e-01
5.602070360919823022e-01
3.131830752818814956e-01
6.868169247181185044e-01
4.383138966749990373e-01
5.616861033250010182e-01
3.963150723518485963e-01
6.036849276481514037e-01
4.976354918246861936e-01
5.023645081753138619e-01
2.884316446980139670e-01
7.115683553019860330e-01
6.890373681207518919e-01
3.109626318792482191e-01
3.235228249833743686e-01
6.764771750166256314e-01
6.158278174687266127e-01
3.841721825312733873e-01
6.652117852805295994e-01
3.347882147194703450e-01
2.989693435934861476e-01
7.010306564065138524e-01
4.192147772748348045e-01
5.807852227251651955e-01
4.932058550847763789e-01
5.067941449152235656e-01
4.086390317991355770e-01
5.913609682008643675e-01
3.166609424707257925e-01
6.833390575292742630e-01
6.332902125676022065e-01
3.667097874323979045e-01
3.640914268943519216e-01
6.359085731056480784e-01
7.159434207229666836e-01
2.840565792770333164e-01
4.892139485569761970e-01
5.107860514430238030e-01
7.272081252300655052e-01
2.727918747699345503e-01
2.955891387791739766e-01
7.044108612208260789e-01
6.569888521778859403e-01
3.430111478221140597e-01
5.321848582900293723e-01
4.678151417099707388e-01
5.800374165053394648e-01
4.199625834946604797e-01
2.820731765052474915e-01
7.179268234947525640e-01
5.506094115864734739e-01
4.493905884135264706e-01
6.865669081754322001e-01
3.134330918245677444e-01
4.132023321661257853e-01
5.867976678338742147e-01
4.796575416012479609e-01
5.203424583987520391e-01
2.921642112381675482e-01
7.078357887618325073e-01
3.117540064822035273e-01
6.882459935177964727e-01
7.141826334170011670e-01
2.858173665829988885e-01
2.639185339310181622e-01
7.360814660689818378e-01
3.080850133130660917e-01
6.919149866869340748e-01
4.226968181783652412e-01
5.773031818216347588e-01
6.837748782668179315e-01
3.162251217331820130e-01
3.338429805353013702e-01
6.661570194646986298e-01
6.681994237403442449e-01
3.318005762596555885e-01
3.092222992836826112e-01
6.907777007163173888e-01
6.743489714356685205e-01
3.256510285643314240e-01
6.033719840098608067e-01
3.966280159901391933e-01
3.397103995971872958e-01
6.602896004028127042e-01
6.067390823651899190e-01
3.932609176348101365e-01
2.605828569165452024e-01
7.394171430834547420e-01
3.473963824336717132e-01
6.526036175663283423e-01
4.406949051960901143e-01
5.593050948039098857e-01
4.003959887616580504e-01
5.996040112383419496e-01
3.858222725294023769e-01
6.141777274705977341e-01
4.526522234231700192e-01
5.473477765768299808e-01
3.851408510577625233e-01
6.148591489422374767e-01
4.372462166583457321e-01
5.627537833416542679e-01
7.117395869618806659e-01
2.882604130381194452e-01
4.739903870116454199e-01
5.260096129883545801e-01
4.828460167919091384e-01
5.171539832080909171e-01
3.434710420615642024e-01
6.565289579384359087e-01
5.122055699438879950e-01
4.877944300561119495e-01
5.773797695560184406e-01
4.226202304439816704e-01
6.704727111918681315e-01
3.295272888081319795e-01
3.458149343801703024e-01
6.541850656198296976e-01
5.253324362690583449e-01
4.746675637309415996e-01
7.471454863724653617e-01
2.528545136275345828e-01
5.056219561407088170e-01
4.943780438592912385e-01
4.090529904275530537e-01
5.909470095724469463e-01
2.911142769001183739e-01
7.088857230998816261e-01
6.232443412751194067e-01
3.767556587248805378e-01
4.428717271266673361e-01
5.571282728733327749e-01
3.608543839266323827e-01
6.391456160733676173e-01
3.893189935602877627e-01
6.106810064397122373e-01
2.555772349237675489e-01
7.444227650762322845e-01
3.196045841641679264e-01
6.803954158358321846e-01
3.375277926343660528e-01
6.624722073656339472e-01
4.119550843317245636e-01
5.880449156682754364e-01
3.489504239363914184e-01
6.510495760636085816e-01
6.778317187580180647e-01
3.221682812419819353e-01
7.092452672820399595e-01
2.907547327179599850e-01
7.106048263098665441e-01
2.893951736901334559e-01
3.338369644570562400e-01
6.661630355429437600e-01
6.267793036965247921e-01
3.732206963034752634e-01
3.515006089575749004e-01
6.484993910424251551e-01
7.399398945283545137e-01
2.600601054716455973e-01
7.341056002301912242e-01
2.658943997698088868e-01
2.878378774556527020e-01
7.121621225443472980e-01
3.284346738826321999e-01
6.715653261173678557e-01
4.809971651215052546e-01
5.190028348784946344e-01
3.448501692489669423e-01
6.551498307510330577e-01
3.361082192934556900e-01
6.638917807065443100e-01
6.098118552690702243e-01
3.901881447309297757e-01
7.469374400552865056e-01
2.530625599447134388e-01
2.856108739043429767e-01
7.143891260956569678e-01
4.123841231332177060e-01
5.876158768667822940e-01
2.711433475345468858e-01
7.288566524654531698e-01
3.876263713717232329e-01
6.123736286282768226e-01
6.827054633784871429e-01
3.172945366215127461e-01
3.065239502314094922e-01
6.934760497685904523e-01
7.086510370640844991e-01
2.913489629359155009e-01
3.502179042359288563e-01
6.497820957640710882e-01
2.647633494208872507e-01
7.352366505791128048e-01
3.389238270404456022e-01
6.610761729595543423e-01
3.793907817044222530e-01
6.206092182955776915e-01
7.119440978709336010e-01
2.880559021290664545e-01
6.149903322470251510e-01
3.850096677529748490e-01
4.560869127921147737e-01
5.439130872078852263e-01
2.685892529248215532e-01
7.314107470751783913e-01
5.893293178779946961e-01
4.106706821220054149e-01
6.081602887749504305e-01
3.918397112250496250e-01
3.307387471281207358e-01
6.692612528718792086e-01
5.445575820421271196e-01
4.554424179578729359e-01
5.554548240580691187e-01
4.445451759419308813e-01
6.953190575833820830e-01
3.046809424166179725e-01
5.171302715326905330e-01
4.828697284673094670e-01
3.005892194272881124e-01
6.994107805727118876e-01
6.333693322623539235e-01
3.666306677376460765e-01
2.779496098547376559e-01
7.220503901452622886e-01
7.229618709692492429e-01
2.770381290307507571e-01
6.922995132847433730e-01
3.077004867152565160e-01
4.117869819245105756e-01
5.882130180754894244e-01
2.871583779321214558e-01
7.128416220678785997e-01
3.291186470993728297e-01
6.708813529006271148e-01
4.199034943047993407e-01
5.800965056952006593e-01
3.375949140713885299e-01
6.624050859286114701e-01
3.280491517514272370e-01
6.719508482485727630e-01
2.991769905948933328e-01
7.008230094051066672e-01
5.447082737353607929e-01
4.552917262646392071e-01
7.179469204137197691e-01
2.820530795862801754e-01
6.845408208023837648e-01
3.154591791976164017e-01
6.276844139563549918e-01
3.723155860436450637e-01
5.518697120031171854e-01
4.481302879968828701e-01
2.722071043061302653e-01
7.277928956938697347e-01
5.138753739831583012e-01
4.861246260168416433e-01
6.386582522126273975e-01
3.613417477873726025e-01
3.198049997176208858e-01
6.801950002823791142e-01
3.918267164586428097e-01
6.081732835413572458e-01
5.141726862928356345e-01
4.858273137071644210e-01
5.286121184252654537e-01
4.713878815747347129e-01
5.648229770343971001e-01
4.351770229656028999e-01
2.720110904729380885e-01
7.279889095270619670e-01
3.925598081996740651e-01
6.074401918003259349e-01
6.197425251826710335e-01
3.802574748173288555e-01
3.666771081529723308e-01
6.333228918470276136e-01
7.104645665060655979e-01
2.895354334939344576e-01
4.357762236778990328e-01
5.642237763221009672e-01
3.938169253731810815e-01
6.061830746268189740e-01
3.554693396345536271e-01
6.445306603654463729e-01
5.843282801266804771e-01
4.156717198733195229e-01
6.976174096291444249e-01
3.023825903708556306e-01
5.042563177410300801e-01
4.957436822589699754e-01
5.984532784676932504e-01
4.015467215323066941e-01
6.071770452645206539e-01
3.928229547354794016e-01
6.686889151314596713e-01
3.313110848685403842e-01
6.847378034984982209e-01
3.152621965015017236e-01
3.743871693331743966e-01
6.256128306668257144e-01
2.497400821904406376e-01
7.502599178095592514e-01
7.220722320308766706e-01
2.779277679691232739e-01
6.702829690839249288e-01
3.297170309160750712e-01
6.588220102485498053e-01
3.411779897514503057e-01
3.156365648747452846e-01
6.843634351252547710e-01
6.884936474837580755e-01
3.115063525162419800e-01
3.172776281969261758e-01
6.827223718030738242e-01
6.924678216288950861e-01
3.075321783711049139e-01
6.782127101086353749e-01
3.217872898913646251e-01
7.008810136006200509e-01
2.991189863993800047e-01
2.999390167039887589e-01
7.000609832960112966e-01
3.058053196293415987e-01
6.941946803706584568e-01
3.798220572177177790e-01
6.201779427822822210e-01
7.421469659217261317e-01
2.578530340782739794e-01
7.265972334155338386e-01
2.734027665844662169e-01
3.275713853625510930e-01
6.724286146374489626e-01
2.971853265670167943e-01
7.028146734329832057e-01
3.538376511651916134e-01
6.461623488348084976e-01
4.682810568250075911e-01
5.317189431749924644e-01
7.060252331463841013e-01
2.939747668536157321e-01
5.207147301128860484e-01
4.792852698871140071e-01
6.800772364762701638e-01
3.199227635237297807e-01
7.237319501782570885e-01
2.762680498217430780e-01
7.299825657236458376e-01
2.700174342763542734e-01
6.420545042008131142e-01
3.579454957991867747e-01
2.899541327389529854e-01
7.100458672610469035e-01
2.693581809493898471e-01
7.306418190506102084e-01
7.503807226606200587e-01
2.496192773393799968e-01
4.601952395458843714e-01
5.398047604541156286e-01
3.708422128454333944e-01
6.291577871545666056e-01
3.077562649136509343e-01
6.922437350863490657e-01
3.942654144105193215e-01
6.057345855894806785e-01
6.549507788591485413e-01
3.450492211408514032e-01
4.107950922267949445e-01
5.892049077732051110e-01
6.505236882992218028e-01
3.494763117007782527e-01
6.960222506894764294e-01
3.039777493105235706e-01
6.768692692514266529e-01
3.231307307485733471e-01
6.306638867232633450e-01
3.693361132767366550e-01
3.157184154486849526e-01
6.842815845513151585e-01
6.555088876403097897e-01
3.444911123596902103e-01
6.181920620993263116e-01
3.818079379006736884e-01
3.242904718447284229e-01
6.757095281552715216e-01
4.454123664233115010e-01
5.545876335766884990e-01
5.141987373731404798e-01
4.858012626268595202e-01
3.351869891683321168e-01
6.648130108316677722e-01
5.510806673831660785e-01
4.489193326168339215e-01
4.602291636865957214e-01
5.397708363134042786e-01
6.077561566198480536e-01
3.922438433801519464e-01
2.993020205018744329e-01
7.006979794981256227e-01
5.197804194560645685e-01
4.802195805439353204e-01
5.481339191931243748e-01
4.518660808068756252e-01
2.556021150811524367e-01
7.443978849188476188e-01
5.723816099728245010e-01
4.276183900271754990e-01
6.845923049951742057e-01
3.154076950048258499e-01
2.595718907607845738e-01
7.404281092392153152e-01
3.274924007722987418e-01
6.725075992277012027e-01
7.121879925231796582e-01
2.878120074768203418e-01
6.554049959672748615e-01
3.445950040327252495e-01
3.809829302266007356e-01
6.190170697733993199e-01
2.906160463292592477e-01
7.093839536707408078e-01
4.492576942415736907e-01
5.507423057584263093e-01
6.504325607108607521e-01
3.495674392891390814e-01
4.873228921384604173e-01
5.126771078615396382e-01
6.728267430585437303e-01
3.271732569414562142e-01
3.735203167542201497e-01
6.264796832457798503e-01
6.158310197476184467e-01
3.841689802523816089e-01
6.870377364160717981e-01
3.129622635839282574e-01
3.213710662151905151e-01
6.786289337848094849e-01
3.300548794884891612e-01
6.699451205115107832e-01
3.216366770386620555e-01
6.783633229613378335e-01
2.577958933478428638e-01
7.422041066521570807e-01
2.826445063359189214e-01
7.173554936640810231e-01
6.479289995486469111e-01
3.520710004513531444e-01
2.531860855419940659e-01
7.468139144580059341e-01
2.526601161652440863e-01
7.473398838347558026e-01
4.535465884805456316e-01
5.464534115194543684e-01
4.979501323747647090e-01
5.020498676252352910e-01
3.844938873507852128e-01
6.155061126492147316e-01
7.388048953933525897e-01
2.611951046066475213e-01
3.887684538666795753e-01
6.112315461333204247e-01
5.864142152378580830e-01
4.135857847621419170e-01
7.421170352478506649e-01
2.578829647521494461e-01
5.357006020343837438e-01
4.642993979656162562e-01
7.276295235308197773e-01
2.723704764691802782e-01
5.338922123035214629e-01
4.661077876964785371e-01
3.607770543876109848e-01
6.392229456123890152e-01
6.484828955805235218e-01
3.515171044194765892e-01
4.232948188313349625e-01
5.767051811686649820e-01
2.986189584133554509e-01
7.013810415866444936e-01
5.460199689138607315e-01
4.539800310861392685e-01
6.955106144996011652e-01
3.044893855003988348e-01
6.642073575393401264e-01
3.357926424606600402e-01
3.935929326946792650e-01
6.064070673053207905e-01
2.986329230952842750e-01
7.013670769047156694e-01
5.492225130478396444e-01
4.507774869521604111e-01
5.514121243833901564e-01
4.485878756166098991e-01
4.072803836485747175e-01
5.927196163514252270e-01
3.440393560211791879e-01
6.559606439788208121e-01
6.974844868099554507e-01
3.025155131900446603e-01
7.153271081355926375e-01
2.846728918644074180e-01
6.594769126377395541e-01
3.405230873622604459e-01
3.426870327412451234e-01
6.573129672587548766e-01
2.758409405934341696e-01
7.241590594065657749e-01
3.630154127409138676e-01
6.369845872590862434e-01
3.070064261128988004e-01
6.929935738871011441e-01
6.646176076397878330e-01
3.353823923602121670e-01
4.323678863800008987e-01
5.676321136199991013e-01
3.501474845050062679e-01
6.498525154949936766e-01
5.244987625838750667e-01
4.755012374161248778e-01
6.809113275271286847e-01
3.190886724728712598e-01
6.903380022242946445e-01
3.096619977757053555e-01
3.056194582987409869e-01
6.943805417012590686e-01
3.588254885281804696e-01
6.411745114718194749e-01
4.032775679968142457e-01
5.967224320031857543e-01
2.577816034034322024e-01
7.422183965965678532e-01
6.040580107142103916e-01
3.959419892857896084e-01
4.944049435895427891e-01
5.055950564104573219e-01
5.043465991063529330e-01
4.956534008936470670e-01
6.759283143521890302e-01
3.240716856478108032e-01
3.568868378054058654e-01
6.431131621945941346e-01
2.699027945010898932e-01
7.300972054989101068e-01
6.551805966482604493e-01
3.448194033517395507e-01
4.754432268302502540e-01
5.245567731697495795e-01
2.496743271805678122e-01
7.503256728194321878e-01
6.411290007563233972e-01
3.588709992436764917e-01
4.768888815720138674e-01
5.231111184279861881e-01
7.298089674649297365e-01
2.701910325350702635e-01
3.034697575588937712e-01
6.965302424411061732e-01
5.966261718986735074e-01
4.033738281013264926e-01
6.908837699564842616e-01
3.091162300435156829e-01
7.181750281027567961e-01
2.818249718972432039e-01
4.785315534074992549e-01
5.214684465925006895e-01
3.048627008033340524e-01
6.951372991966660031e-01
6.551470024811487658e-01
3.448529975188511787e-01
6.831226941729631186e-01
3.168773058270370480e-01
7.166337460084695188e-01
2.833662539915305367e-01
6.223630998026983274e-01
3.776369001973016726e-01
2.759834558928281889e-01
7.240165441071718666e-01
6.968367193968449946e-01
3.031632806031550609e-01
2.412341103818550492e-01
7.587658896181449508e-01
3.107561809529348351e-01
6.892438190470651094e-01
2.975710187399439044e-01
7.024289812600561511e-01
4.940616082503898054e-01
5.059383917496101946e-01
7.153977191065699071e-01
2.846022808934300929e-01
2.818086211960091347e-01
7.181913788039908653e-01
7.576134247834110935e-01
2.423865752165889065e-01
7.128020167135867835e-01
2.871979832864131610e-01
5.070605104151775233e-01
4.929394895848224767e-01
3.833318493926660131e-01
6.166681506073339314e-01
7.086827373398790764e-01
2.913172626601210347e-01
7.385357428235226340e-01
2.614642571764774770e-01
3.223586791870753365e-01
6.776413208129246080e-01
6.579558507209648521e-01
3.420441492790350924e-01
4.421806543216449392e-01
5.578193456783551163e-01
7.202850574260929450e-01
2.797149425739070550e-01
6.272988583998273526e-01
3.727011416001725919e-01
4.338116755279182168e-01
5.661883244720817832e-01
2.886960855537678561e-01
7.113039144462320884e-01
4.479893079477179629e-01
5.520106920522820371e-01
6.387910195022225013e-01
3.612089804977774987e-01
2.513476357720940135e-01
7.486523642279059310e-01
5.434089130213209939e-01
4.565910869786790061e-01
6.514468234317075668e-01
3.485531765682924887e-01
7.219662039475797100e-01
2.780337960524202900e-01
7.237902837880390017e-01
2.762097162119611093e-01
2.550805062880618923e-01
7.449194937119381077e-01
4.706027915436938880e-01
5.293972084563061120e-01
3.204401541065973746e-01
6.795598458934026809e-01
7.571555026452987391e-01
2.428444973547012609e-01
4.984861347452043678e-01
5.015138652547955767e-01
6.426143978280670632e-01
3.573856021719328258e-01
4.369275181869619606e-01
5.630724818130380394e-01
4.502870930090657753e-01
5.497129069909342247e-01
2.699756224901407320e-01
7.300243775098592680e-01
4.005497065457357952e-01
5.994502934542641492e-01
5.800217632210630248e-01
4.199782367789369197e-01
7.077339794039294585e-01
2.922660205960705415e-01
3.144519155605294269e-01
6.855480844394705731e-01
2.437761633795167693e-01
7.562238366204830919e-01
6.921584971356339322e-01
3.078415028643661233e-01
7.436901576190557694e-01
2.563098423809442861e-01
3.264392288591824176e-01
6.735607711408175824e-01
5.673906289900576549e-01
4.326093710099423451e-01
3.276004579290695551e-01
6.723995420709303339e-01
2.680899930762009609e-01
7.319100069237989281e-01
3.331750597993012319e-01
6.668249402006988236e-01
3.343156654522022597e-01
6.656843345477976293e-01
6.843348954485128921e-01
3.156651045514869969e-01
2.470790932790507266e-01
7.529209067209492456e-01
6.095153072149851470e-01
3.904846927850148530e-01
4.509687482917590917e-01
5.490312517082408528e-01
3.225204470370687249e-01
6.774795529629312751e-01
2.804420810374925188e-01
7.195579189625074257e-01
5.029503025040178432e-01
4.970496974959821568e-01
2.996015889228098583e-01
7.003984110771901417e-01
5.667948033098644256e-01
4.332051966901355189e-01
3.103225801479579937e-01
6.896774198520420063e-01
6.270814343928636792e-01
3.729185656071363208e-01
6.586364155653154917e-01
3.413635844346846748e-01
4.047549289415268703e-01
5.952450710584731297e-01
6.160225586814738197e-01
3.839774413185262358e-01
3.476149183687335387e-01
6.523850816312664058e-01
5.060035531052075042e-01
4.939964468947924958e-01
3.186704417005885026e-01
6.813295582994114419e-01
3.253495260385264043e-01
6.746504739614735957e-01
3.073431381505039584e-01
6.926568618494959306e-01
5.639807009668201809e-01
4.360192990331798191e-01
6.606366256511921886e-01
3.393633743488078114e-01
4.960764921501278901e-01
5.039235078498721654e-01
3.283157202403301778e-01
6.716842797596698222e-01
4.667863685974913412e-01
5.332136314025086588e-01
6.480050602223573764e-01
3.519949397776426792e-01
3.344821412311834719e-01
6.655178587688165281e-01
2.897950076544587028e-01
7.102049923455413527e-01
6.902489705218560756e-01
3.097510294781438134e-01
6.327500701891543011e-01
3.672499298108456434e-01
2.903447906801248091e-01
7.096552093198751354e-01
4.527448466929631654e-01
5.472551533070367791e-01
5.770056519388494509e-01
4.229943480611504381e-01
6.727950184446618298e-01
3.272049815553381702e-01
2.879031587135153503e-01
7.120968412864846497e-01
3.124377003257465812e-01
6.875622996742534188e-01
6.246117007659641729e-01
3.753882992340358826e-01
5.063871067949194948e-01
4.936128932050805052e-01
3.518700513594387735e-01
6.481299486405611709e-01
3.580170997258514953e-01
6.419829002741485047e-01
5.777480538587558279e-01
4.222519461412441721e-01
3.213362784922872972e-01
6.786637215077128138e-01
3.651810534593042390e-01
6.348189465406957055e-01
4.306590271003668535e-01
5.693409728996331465e-01
6.432720445743629334e-01
3.567279554256369556e-01
4.386431033258952894e-01
5.613568966741047106e-01
7.084258421171020226e-01
2.915741578828979219e-01
3.955254243012935600e-01
6.044745756987064400e-01
3.443513475830415338e-01
6.556486524169584662e-01
6.509374442041040432e-01
3.490625557958959013e-01
5.478309443328177597e-01
4.521690556671822403e-01
6.368869688974517773e-01
3.631130311025481672e-01
3.888683274769075826e-01
6.111316725230923064e-01
6.367568050752050457e-01
3.632431949247950098e-01
3.464425524731578054e-01
6.535574475268420835e-01
6.895898493253818096e-01
3.104101506746181904e-01
7.220173962100289167e-01
2.779826037899710833e-01
3.804234129908474760e-01
6.195765870091525240e-01
3.713540488885659907e-01
6.286459511114339538e-01
4.810418822549482054e-01
5.189581177450518501e-01
3.057351242598034258e-01
6.942648757401965742e-01
6.032052456891974224e-01
3.967947543108025776e-01
6.387385537301404348e-01
3.612614462698595097e-01
2.923191129907116714e-01
7.076808870092884396e-01
6.177437839733844749e-01
3.822562160266154696e-01
3.532588575712323764e-01
6.467411424287675681e-01
7.433031304629482694e-01
2.566968695370517306e-01
5.999206925244296995e-01
4.000793074755704115e-01
2.800688067285530547e-01
7.199311932714469453e-01
3.084072981787308043e-01
6.915927018212691957e-01
2.970475975009969627e-01
7.029524024990030373e-01
7.012220625073344316e-01
2.987779374926655129e-01
4.522576312947576560e-01
5.477423687052422885e-01
3.874684882175740697e-01
6.125315117824259303e-01
2.800601953394710741e-01
7.199398046605289814e-01
3.161295688128155090e-01
6.838704311871844910e-01
4.022035338860170950e-01
5.977964661139828495e-01
6.770463861975918318e-01
3.229536138024082237e-01
6.618312948104013715e-01
3.381687051895986285e-01
4.847778837509487126e-01
5.152221162490513429e-01
6.246410599958175380e-01
3.753589400041824065e-01
3.516551938107439490e-01
6.483448061892560510e-01
6.549551925545509246e-01
3.450448074454491310e-01
5.054046085892127671e-01
4.945953914107871774e-01
6.901830289141748231e-01
3.098169710858252324e-01
6.703409321623916561e-01
3.296590678376082884e-01
4.941713624727665510e-01
5.058286375272333935e-01
2.564865442355351299e-01
7.435134557644649256e-01
7.015196048474499069e-01
2.984803951525501486e-01
5.269924386494141411e-01
4.730075613505858034e-01
2.511819065483846813e-01
7.488180934516153187e-01
3.859833507561323818e-01
6.140166492438675627e-01
6.191632835180949090e-01
3.808367164819050910e-01
4.348850519836793271e-01
5.651149480163206729e-01
4.960027368244709911e-01
5.039972631755289534e-01
5.690711597159709978e-01
4.309288402840288912e-01
6.826505396523609992e-01
3.173494603476390008e-01
4.180796809140991943e-01
5.819203190859008057e-01
2.968753335697192353e-01
7.031246664302808203e-01
5.600830834402346081e-01
4.399169165597652809e-01
4.463321861159177950e-01
5.536678138840822605e-01
5.991162364176941812e-01
4.008837635823059298e-01
2.989469132073120927e-01
7.010530867926879628e-01
6.162478918272591422e-01
3.837521081727409133e-01
2.662694090801154823e-01
7.337305909198845733e-01
3.203308703525098999e-01
6.796691296474901556e-01
2.845926713093768767e-01
7.154073286906231788e-01
5.302581911436855533e-01
4.697418088563144467e-01
3.661061638902314286e-01
6.338938361097685714e-01
3.779965497858875922e-01
6.220034502141124078e-01
6.862389762622136402e-01
3.137610237377864153e-01
5.989987232764231173e-01
4.010012767235769382e-01
2.911184483349668617e-01
7.088815516650330828e-01
6.586184076043662960e-01
3.413815923956337595e-01
3.805244041285614220e-01
6.194755958714385224e-01
3.077844671617314121e-01
6.922155328382686434e-01
3.642984194474648829e-01
6.357015805525351171e-01
4.802352591084294575e-01
5.197647408915705425e-01
2.954105101982968384e-01
7.045894898017031061e-01
3.157848368940377459e-01
6.842151631059621986e-01
3.001089126727053968e-01
6.998910873272946587e-01
2.997600463118557101e-01
7.002399536881441788e-01
5.082474335246153219e-01
4.917525664753846781e-01
4.289712744971879155e-01
5.710287255028121400e-01
5.957792433182769187e-01
4.042207566817231923e-01
5.860203878914523878e-01
4.139796121085475566e-01
7.286162567132027368e-01
2.713837432867973742e-01
3.251529073843080209e-01
6.748470926156919791e-01
6.823433254365541822e-01
3.176566745634458733e-01
2.986178025335735620e-01
7.013821974664264935e-01
3.037403033056850221e-01
6.962596966943149779e-01
3.037064665273467856e-01
6.962935334726532144e-01
2.527619867247268837e-01
7.472380132752731718e-01
6.407638158594295419e-01
3.592361841405704581e-01
5.331268420592942814e-01
4.668731579407056076e-01
3.318262343888307986e-01
6.681737656111691459e-01
6.311517644244458713e-01
3.688482355755541842e-01
6.349534980658039229e-01
3.650465019341960771e-01
7.001051165934548681e-01
2.998948834065451319e-01
5.458551692894658691e-01
4.541448307105342419e-01
7.507229330923005373e-01
2.492770669076995183e-01
5.287494515525037464e-01
4.712505484474964201e-01
3.177337625889957162e-01
6.822662374110043393e-01
3.887868722646426467e-01
6.112131277353572978e-01
3.668020330419809460e-01
6.331979669580189984e-01
4.531047712497049962e-01
5.468952287502949483e-01
4.840339668950142671e-01
5.159660331049856774e-01
4.267942743915615345e-01
5.732057256084384100e-01
6.739787443933045186e-01
3.260212556066955925e-01
3.548535789275840124e-01
6.451464210724160431e-01
5.349732138028482353e-01
4.650267861971516536e-01
3.895320323751527147e-01
6.104679676248472298e-01
5.587308417588331411e-01
4.412691582411669700e-01
5.036192800914349732e-01
4.963807199085650268e-01
2.846098347740902978e-01
7.153901652259098132e-01
4.030165904824726253e-01
5.969834095175273747e-01
4.845301225865732420e-01
5.154698774134267580e-01
4.059089687501521437e-01
5.940910312498478563e-01
3.589969267013952692e-01
6.410030732986047308e-01
3.036841575724630315e-01
6.963158424275369685e-01
2.515157885517687042e-01
7.484842114482312958e-01
5.722879706611538886e-01
4.277120293388461669e-01
5.094027660021966941e-01
4.905972339978033059e-01
7.087630802584380385e-01
2.912369197415619060e-01
5.264826069639751971e-01
4.735173930360247474e-01
6.539115200028475794e-01
3.460884799971523651e-01
6.560352651552241454e-01
3.439647348447758546e-01
7.135072712139872708e-01
2.864927287860127847e-01
2.653785817408546022e-01
7.346214182591453978e-01
6.783541616853380196e-01
3.216458383146619804e-01
4.296979059373213783e-01
5.703020940626786217e-01
4.209362647439944261e-01
5.790637352560055184e-01
6.684174597896015424e-01
3.315825402103985686e-01
3.062226342048838812e-01
6.937773657951161743e-01
5.789870357383265498e-01
4.210129642616735057e-01
3.372047771061785215e-01
6.627952228938214230e-01
5.650236532914055809e-01
4.349763467085943636e-01
3.549109463900137484e-01
6.450890536099862516e-01
5.396919344267252505e-01
4.603080655732746940e-01
5.254546289567946227e-01
4.745453710432052663e-01
3.046832221901030757e-01
6.953167778098969798e-01
7.069326785365230847e-01
2.930673214634769153e-01
3.285647970275406560e-01
6.714352029724592885e-01
4.072588312733768090e-01
5.927411687266231910e-01
5.025755051446876287e-01
4.974244948553123158e-01
4.206113951613084101e-01
5.793886048386914789e-01
3.624487631951834321e-01
6.375512368048165124e-01
5.906478154936741776e-01
4.093521845063258224e-01
6.606380603764917536e-01
3.393619396235082464e-01
3.137184713061479946e-01
6.862815286938519499e-01
6.690093999778969902e-01
3.309906000221029543e-01
4.794219564344310291e-01
5.205780435655689153e-01
3.279279855900456564e-01
6.720720144099544546e-01
3.862247650260715592e-01
6.137752349739283853e-01
3.761029195645970158e-01
6.238970804354030397e-01
6.442009365429334222e-01
3.557990634570665223e-01
5.681991832483047622e-01
4.318008167516952378e-01
4.892342736252305313e-01
5.107657263747694687e-01
6.384260272334816300e-01
3.615739727665184255e-01
3.352072261098266726e-01
6.647927738901733274e-01
3.812517247716489255e-01
6.187482752283510745e-01
5.179061077060576057e-01
4.820938922939423388e-01
6.210409055034867842e-01
3.789590944965131047e-01
5.292337604891531599e-01
4.707662395108468401e-01
2.846346162805068469e-01
7.153653837194932086e-01
6.181823020954237968e-01
3.818176979045761477e-01
7.013160823089181761e-01
2.986839176910818239e-01
3.594350353176955504e-01
6.405649646823045051e-01
3.736565026472766227e-01
6.263434973527233218e-01
2.891305170649118295e-01
7.108694829350881150e-01
4.115888288485069491e-01
5.884111711514931065e-01
4.207973496035120053e-01
5.792026503964879947e-01
7.507374749813546799e-01
2.492625250186452646e-01
5.765211542529978805e-01
4.234788457470021750e-01
3.192146715392647494e-01
6.807853284607352506e-01
5.008016098623279122e-01
4.991983901376720878e-01
6.753071655243090277e-01
3.246928344756908613e-01
5.652558058248473571e-01
4.347441941751526429e-01
3.251211964576092850e-01
6.748788035423908260e-01
5.311675128767415766e-01
4.688324871232583679e-01
2.870935496101588713e-01
7.129064503898412397e-01
3.175234607810902832e-01
6.824765392189097168e-01
7.304204255222839226e-01
2.695795744777160774e-01
