8.897600545217824175e-01
1.102399454782176241e-01
9.099662172527657189e-01
9.003378274723426722e-02
7.534127680719842068e-01
2.465872319280157932e-01
6.129710806712695970e-02
9.387028919328730403e-01
4.615203994479124550e-01
5.384796005520875450e-01
6.764635818960806901e-02
9.323536418103919310e-01
5.880406816366520184e-01
4.119593183633479816e-01
9.265076034358552537e-01
7.349239656414474631e-02
7.573994772854728552e-01
2.426005227145271725e-01
3.192013029903428833e-02
9.680798697009657117e-01
7.283113024619802811e-02
9.271688697538019719e-01
6.047007601610987493e-02
9.395299239838901251e-01
5.987874221935505226e-01
4.012125778064494774e-01
1.076447547268213345e-01
8.923552452731786655e-01
2.353790850792262246e-01
7.646209149207737754e-01
9.460780288003998173e-01
5.392197119960016188e-02
8.467047007225532163e-01
1.532952992774468115e-01
2.040334692072143241e-02
9.795966530792785676e-01
5.670279281758043854e-01
4.329720718241956701e-01
9.167955585293061649e-01
8.320444147069386287e-02
2.413963164470181999e-01
7.586036835529818001e-01
8.113671239157409509e-01
1.886328760842590491e-01
9.002534613625758908e-01
9.974653863742410920e-02
5.540902454300089541e-01
4.459097545699910459e-01
1.159157511351118774e-01
8.840842488648881226e-01
6.155250313386761984e-02
9.384474968661323802e-01
9.110568149140444438e-01
8.894318508595558392e-02
8.211565331416115221e-01
1.788434668583885334e-01
2.129129048363332943e-01
7.870870951636667057e-01
9.434696668156645760e-01
5.653033318433538928e-02
6.268211375045873446e-01
3.731788624954126554e-01
2.793789753557200939e-01
7.206210246442799061e-01
3.765361842964808359e-01
6.234638157035191641e-01
7.536153602997992529e-01
2.463846397002007471e-01
1.535206054756687033e-01
8.464793945243312967e-01
7.661348288038158927e-01
2.338651711961841628e-01
1.646911610423809069e-01
8.353088389576190931e-01
2.392981502111080072e-02
9.760701849788891993e-01
1.467741873030331545e-01
8.532258126969668455e-01
1.922137790216668085e-01
8.077862209783331915e-01
2.117401507507481462e-01
7.882598492492518538e-01
1.492757643836849502e-01
8.507242356163150498e-01
2.103467561046170609e-01
7.896532438953829391e-01
4.116951473531289540e-01
5.883048526468710460e-01
7.750568599285971860e-01
2.249431400714028417e-01
5.575292204129078666e-02
9.442470779587092133e-01
9.258427163900567747e-01
7.415728360994322532e-02
9.124022001819409589e-02
9.087597799818059041e-01
8.448587164007496098e-01
1.551412835992503902e-01
7.787868206799717363e-01
2.212131793200282914e-01
4.193234147098834352e-02
9.580676585290116565e-01
4.131917605600722299e-01
5.868082394399277701e-01
4.916478203081858789e-01
5.083521796918141211e-01
5.626478197600359721e-02
9.437352180239964028e-01
3.527534476418590081e-01
6.472465523581409919e-01
9.036198530015342456e-01
9.638014699846572664e-02
6.385524748863347089e-02
9.361447525113665291e-01
9.206628515212755826e-01
7.933714847872440357e-02
3.353817547988053871e-01
6.646182452011946129e-01
9.681323027654024083e-01
3.186769723459755704e-02
2.006130355888775529e-01
7.993869644111224471e-01
8.603677131138102174e-01
1.396322868861897548e-01
8.916535457252070529e-01
1.083464542747929332e-01
2.776971283346542085e-01
7.223028716653457915e-01
6.967320285385070200e-02
9.303267971461492980e-01
6.860438030422142397e-01
3.139561969577857048e-01
8.313548883242498633e-01
1.686451116757501367e-01
1.485094117958590809e-01
8.514905882041409191e-01
6.733192618679347818e-01
3.266807381320652182e-01
6.401884316508221762e-02
9.359811568349177824e-01
6.912059478509269272e-02
9.308794052149073073e-01
9.451998671080302783e-01
5.480013289196973558e-02
3.452980624860157999e-02
9.654701937513984200e-01
1.332229221418582688e-01
8.667770778581417312e-01
2.004988683209486533e-01
7.995011316790513467e-01
9.052352704360117075e-01
9.476472956398826475e-02
1.718909442777563079e-01
8.281090557222436921e-01
7.736624420752120646e-01
2.263375579247879354e-01
6.094744130838525287e-02
9.390525586916147471e-01
8.866909911244512665e-01
1.133090088755487196e-01
5.630323050119580008e-01
4.369676949880419992e-01
1.115566979250797175e-01
8.884433020749202825e-01
6.984339059859738796e-01
3.015660940140260649e-01
1.960776614345072222e-02
9.803922338565492778e-01
3.077256092975791946e-01
6.922743907024208054e-01
3.782588102930540819e-01
6.217411897069459181e-01
4.672045390466512682e-01
5.327954609533487318e-01
4.338064040043623226e-01
5.661935959956376774e-01
2.830344860178723998e-01
7.169655139821276002e-01
1.531094741645417923e-01
8.468905258354582077e-01
2.406732836710392398e-01
7.593267163289607602e-01
9.493131417394324867e-01
5.068685826056745780e-02
5.496285362199265778e-01
4.503714637800734222e-01
7.253965240569728579e-01
2.746034759430271976e-01
6.010098553465603732e-02
9.398990144653439627e-01
5.512739496352722091e-01
4.487260503647277909e-01
7.969392457024998544e-01
2.030607542975001734e-01
5.846581362286613626e-01
4.153418637713386374e-01
2.354764340142250223e-01
7.645235659857749777e-01
1.907899775082227967e-01
8.092100224917772033e-01
9.450800716839722337e-01
5.491992831602775932e-02
7.871445044682877645e-01
2.128554955317122632e-01
1.068541466187710176e-01
8.931458533812289824e-01
1.044860101907006955e-01
8.955139898092993045e-01
6.991444642041140245e-01
3.008555357958859755e-01
2.429113237094704392e-01
7.570886762905295608e-01
4.936495938756068069e-01
5.063504061243931931e-01
1.138858827790135697e-01
8.861141172209864303e-01
1.446224211264990345e-02
9.855377578873500966e-01
4.827776897444324700e-02
9.517222310255567530e-01
2.806101474077785651e-01
7.193898525922214349e-01
4.273112069338667052e-01
5.726887930661332948e-01
1.922386191236680197e-01
8.077613808763319803e-01
8.503969045301273955e-01
1.496030954698725768e-01
9.291025294595991468e-01
7.089747054040085317e-02
7.426003661722646587e-01
2.573996338277353413e-01
3.650584768896243393e-01
6.349415231103756607e-01
8.947539031648333863e-01
1.052460968351666554e-01
2.095418803451093437e-01
7.904581196548906563e-01
8.829423672205952700e-01
1.170576327794047022e-01
9.324072502457054767e-01
6.759274975429456489e-02
8.053618612521462605e-02
9.194638138747853739e-01
6.348360235781602690e-02
9.365163976421839731e-01
1.940353207206189090e-01
8.059646792793810910e-01
1.334779214627421773e-01
8.665220785372578227e-01
8.602573817763792263e-02
9.139742618223620774e-01
8.824229560709284659e-01
1.175770439290714925e-01
9.462818601896498816e-01
5.371813981035013230e-02
2.937326673738527294e-02
9.706267332626147271e-01
2.390585706524103182e-01
7.609414293475896818e-01
3.579163607501967270e-02
9.642083639249803273e-01
3.798443991379256701e-01
6.201556008620743299e-01
9.001912436827425035e-01
9.980875631725752428e-02
5.039680343609553859e-02
9.496031965639044614e-01
9.355760277120007684e-01
6.442397228799923159e-02
1.324321347956608497e-01
8.675678652043391503e-01
1.366356728146949084e-01
8.633643271853050916e-01
3.723591247386022207e-01
6.276408752613977793e-01
2.182274519008726710e-01
7.817725480991273290e-01
8.959436922396977199e-01
1.040563077603022385e-01
8.292717023649568420e-01
1.707282976350431303e-01
7.565510508220936181e-01
2.434489491779063264e-01
7.434223409925111437e-02
9.256577659007488856e-01
8.767709468249968996e-01
1.232290531750031420e-01
6.561974978271820635e-01
3.438025021728179365e-01
1.145421664778126791e-01
8.854578335221873209e-01
6.932199993858577658e-01
3.067800006141422342e-01
8.373738232174079421e-01
1.626261767825920024e-01
9.091352522825821847e-01
9.086474771741781531e-02
4.071186481281328096e-01
5.928813518718671904e-01
1.031436385534778566e-01
8.968563614465221434e-01
8.033164851373866266e-01
1.966835148626134011e-01
3.600031377979961977e-02
9.639996862202003802e-01
9.239182340621764356e-01
7.608176593782356445e-02
9.278400198368685903e-01
7.215998016313143748e-02
3.349207676985348492e-01
6.650792323014651508e-01
5.335344258471252932e-02
9.466465574152874707e-01
3.858588358849801558e-02
9.614141164115019844e-01
4.193201161802718735e-01
5.806798838197281265e-01
7.407166723180214074e-02
9.259283327681978593e-01
1.208321248831033534e-01
8.791678751168966466e-01
1.425114372521008033e-01
8.574885627478991967e-01
4.540028311339560085e-01
5.459971688660439915e-01
9.577268577676435468e-01
4.227314223235641849e-02
4.516471258460400540e-01
5.483528741539599460e-01
8.318247511836662778e-01
1.681752488163337500e-01
4.299949221382106668e-01
5.700050778617893332e-01
1.872030419692916059e-02
9.812796958030708394e-01
7.715840879761801663e-01
2.284159120238198337e-01
8.630741764645299963e-01
1.369258235354699482e-01
6.381089419565777465e-02
9.361891058043422253e-01
2.037585700133678346e-01
7.962414299866321654e-01
5.825551380941016433e-01
4.174448619058984122e-01
7.081576261006875539e-01
2.918423738993124461e-01
8.150442278479246294e-01
1.849557721520753428e-01
5.497162923665110945e-02
9.450283707633488905e-01
2.959484092853768011e-01
7.040515907146231989e-01
8.491427591783621276e-01
1.508572408216378447e-01
1.761849256313861023e-01
8.238150743686138977e-01
9.339114804401699166e-01
6.608851955983012505e-02
1.681574547037891776e-01
8.318425452962108224e-01
6.354827791651459501e-01
3.645172208348540499e-01
3.352531090638145583e-01
6.647468909361854417e-01
7.722314996903463236e-01
2.277685003096536764e-01
9.397142499215433986e-01
6.028575007845662914e-02
1.526244533854670404e-01
8.473755466145329596e-01
3.521064641457316569e-01
6.478935358542683431e-01
5.791378519333675312e-01
4.208621480666324688e-01
8.274549592363047434e-01
1.725450407636952843e-01
8.930165922244810428e-01
1.069834077755190127e-01
1.123604787440770636e-01
8.876395212559229364e-01
2.550106152701703266e-02
9.744989384729829673e-01
9.444585919685697384e-01
5.554140803143026855e-02
8.198397277514259951e-01
1.801602722485740604e-01
8.430053236486313439e-01
1.569946763513686838e-01
3.888255804366647084e-02
9.611174419563335292e-01
4.339944561788674493e-01
5.660055438211325507e-01
1.645203243784110203e-01
8.354796756215889797e-01
9.300789894500914867e-01
6.992101054990855491e-02
7.792835476468932265e-01
2.207164523531068012e-01
8.838375536580388436e-01
1.161624463419611841e-01
5.656776923729034401e-02
9.434322307627096560e-01
6.359998028734314968e-02
9.364000197126568503e-01
4.937579921924745152e-01
5.062420078075254848e-01
9.492318458170920792e-01
5.076815418290793469e-02
9.478998039982824420e-01
5.210019600171757886e-02
1.990355517894838444e-01
8.009644482105161556e-01
2.504458065933268252e-02
9.749554193406673175e-01
3.232479145813298427e-01
6.767520854186701573e-01
9.393871957521111593e-01
6.061280424788884069e-02
9.712178399830632136e-01
2.878216001693678638e-02
8.215870504240293526e-01
1.784129495759706474e-01
8.437285115264210322e-01
1.562714884735789123e-01
9.098510365005697542e-01
9.014896349943023190e-02
9.454825808263626064e-01
5.451741917363735201e-02
4.251027712384043422e-01
5.748972287615956578e-01
2.146173064007950160e-02
9.785382693599204984e-01
3.306698746738789829e-02
9.669330125326121017e-01
9.439205597235376111e-01
5.607944027646241669e-02
8.312744854777831538e-01
1.687255145222167907e-01
1.146417136622582822e-01
8.853582863377417178e-01
4.398928064443430319e-02
9.560107193555656968e-01
6.768278409489845160e-01
3.231721590510154285e-01
9.278998375177054392e-01
7.210016248229453306e-02
5.036011420791355331e-01
4.963988579208644114e-01
8.436268574938297071e-01
1.563731425061702374e-01
9.231144879395689617e-01
7.688551206043106601e-02
8.263926672217406511e-01
1.736073327782593212e-01
8.842592257139627598e-01
1.157407742860371846e-01
4.636880571242618654e-02
9.536311942875738135e-01
8.954671147266262121e-01
1.045328852733737740e-01
9.102809575743076032e-01
8.971904242569239685e-02
1.970380371997572100e-01
8.029619628002427900e-01
7.192561182048401447e-01
2.807438817951598553e-01
1.273328128381598923e-01
8.726671871618401077e-01
1.358131825968175166e-01
8.641868174031824834e-01
4.330395358478682510e-01
5.669604641521317490e-01
5.121563936290864927e-01
4.878436063709135073e-01
8.642602969725754480e-01
1.357397030274244965e-01
4.092487175918968489e-02
9.590751282408103151e-01
2.169128798196996444e-01
7.830871201803003556e-01
8.418877462122775768e-01
1.581122537877223677e-01
1.794050346550546404e-02
9.820594965344945360e-01
8.306796822909683353e-01
1.693203177090316924e-01
8.856736535162047508e-01
1.143263464837952770e-01
4.347121193650538284e-02
9.565287880634946172e-01
7.507515624123539677e-02
9.249248437587646032e-01
4.493762071886274745e-01
5.506237928113725255e-01
8.596721814821972618e-01
1.403278185178027104e-01
2.767907081494199728e-01
7.232092918505800272e-01
1.452702364377167488e-01
8.547297635622832512e-01
7.866261670764025382e-01
2.133738329235974340e-01
7.078813843812052919e-01
2.921186156187947636e-01
8.280618367353859144e-01
1.719381632646140579e-01
8.284241038769736276e-01
1.715758961230264001e-01
1.080931384525053440e-01
8.919068615474946560e-01
8.449495393600805482e-01
1.550504606399194518e-01
8.441519708833675750e-01
1.558480291166324805e-01
1.374049407959709868e-01
8.625950592040290132e-01
9.095081032197660509e-02
9.090491896780233949e-01
5.227699360013704499e-02
9.477230063998629550e-01
2.846025921581696316e-02
9.715397407841830368e-01
8.970045154080485972e-02
9.102995484591951403e-01
8.805951062795709383e-01
1.194048937204290201e-01
4.339302975288827913e-02
9.566069702471117209e-01
3.643278703660435269e-02
9.635672129633956473e-01
6.342066881103834985e-01
3.657933118896165015e-01
3.236363108936337607e-01
6.763636891063662393e-01
2.905132173970230713e-01
7.094867826029769287e-01
8.842100196950536395e-01
1.157899803049463605e-01
1.564787808105989608e-01
8.435212191894010392e-01
7.111690471727443175e-01
2.888309528272556825e-01
9.533574503767138220e-01
4.664254962328616416e-02
2.992544365576210730e-01
7.007455634423789270e-01
9.413801549082985165e-01
5.861984509170143492e-02
7.098761717022552542e-01
2.901238282977446903e-01
3.387378292886916720e-01
6.612621707113083280e-01
8.898434746644678928e-01
1.101565253355320934e-01
2.667802006484556454e-01
7.332197993515443546e-01
2.680402821428973237e-02
9.731959717857102676e-01
5.318420367872080945e-01
4.681579632127919055e-01
9.197109080161074424e-01
8.028909198389258539e-02
7.932685754341610718e-01
2.067314245658389560e-01
1.931966896824287572e-01
8.068033103175712428e-01
5.254895608703946674e-02
9.474510439129605333e-01
7.081645207731124270e-01
2.918354792268875175e-01
6.793023480330095953e-01
3.206976519669904602e-01
4.581533538278952378e-01
5.418466461721047622e-01
5.140609083539435797e-01
4.859390916460563647e-01
8.760561234286140531e-01
1.239438765713859886e-01
9.085710036112659704e-01
9.142899638873404344e-02
9.211419833551479641e-01
7.885801664485204976e-02
4.621189975692816532e-01
5.378810024307183468e-01
4.479925421207209268e-02
9.552007457879279073e-01
3.152315390847966192e-01
6.847684609152033808e-01
2.458278105623594723e-01
7.541721894376405277e-01
8.105991462967223615e-01
1.894008537032776107e-01
6.263284863216922460e-02
9.373671513678307754e-01
1.507341830280721773e-01
8.492658169719278227e-01
4.169911923569556977e-01
5.830088076430443023e-01
8.995041505408583049e-01
1.004958494591417506e-01
9.125103363046433991e-01
8.748966369535658705e-02
8.244212743014955880e-02
9.175578725698504412e-01
6.306493341729931812e-01
3.693506658270068188e-01
1.083271350083563345e-01
8.916728649916436655e-01
3.850458953340074597e-02
9.614954104665992540e-01
7.275545044822007146e-01
2.724454955177993409e-01
2.769004529034099216e-01
7.230995470965900784e-01
2.460931219795050584e-01
7.539068780204949416e-01
8.445734365855324111e-01
1.554265634144676445e-01
5.297290736164275149e-01
4.702709263835724296e-01
5.459280697851498498e-02
9.454071930214850150e-01
8.844600372411566269e-01
1.155399627588434147e-01
2.607976553379175444e-01
7.392023446620824556e-01
2.102255779008543879e-02
9.789774422099145612e-01
9.352279624187722629e-01
6.477203758122768162e-02
3.348733684294695756e-01
6.651266315705304244e-01
9.252034439554415179e-01
7.479655604455844042e-02
8.122021918230548643e-02
9.187797808176945136e-01
3.382442568661196969e-01
6.617557431338803031e-01
8.663871770729087984e-01
1.336128229270912293e-01
9.417962773186743242e-01
5.820372268132573135e-02
5.468724391714341326e-01
4.531275608285659229e-01
5.723923650198770030e-02
9.427607634980122997e-01
8.165181530387459752e-01
1.834818469612540526e-01
3.994065084733484650e-01
6.005934915266515350e-01
9.636411112056948447e-01
3.635888879430510673e-02
4.503830933072939802e-01
5.496169066927060198e-01
9.950461793980625025e-02
9.004953820601937498e-01
8.994977133618154985e-01
1.005022866381844598e-01
1.330423775339206749e-02
9.866957622466079325e-01
3.297474319246695984e-02
9.670252568075330402e-01
4.132496330635959669e-02
9.586750366936404033e-01
2.375305954340175552e-01
7.624694045659824448e-01
4.957419392181836582e-01
5.042580607818163418e-01
9.895158082526722687e-02
9.010484191747327731e-01
9.363929539061135454e-01
6.360704609388648234e-02
9.496861841234847113e-01
5.031381587651534426e-02
2.188360044992115894e-01
7.811639955007884106e-01
1.702187538986413839e-01
8.297812461013586161e-01
8.124528917767611658e-01
1.875471082232388620e-01
9.664483548376372468e-01
3.355164516236276012e-02
1.611614591035592792e-02
9.838838540896440721e-01
8.682799886948182611e-01
1.317200113051817945e-01
3.811226555530538018e-01
6.188773444469461982e-01
9.350429383608189760e-01
6.495706163918098242e-02
8.476174323683031142e-01
1.523825676316968580e-01
1.789248378235495096e-01
8.210751621764504904e-01
9.173716603120973812e-02
9.082628339687902619e-01
3.051437277621409372e-01
6.948562722378590628e-01
5.080911963953753663e-01
4.919088036046246337e-01
6.670338675973541687e-02
9.332966132402645831e-01
4.699461688531165748e-01
5.300538311468834252e-01
8.249645895219254177e-01
1.750354104780745546e-01
9.509939175195897265e-01
4.900608248041031512e-02
9.587617509681681804e-01
4.123824903183181956e-02
1.915750004907834647e-02
9.808424999509216535e-01
4.824071252795164577e-01
5.175928747204835423e-01
5.487567455189901189e-02
9.451243254481009881e-01
9.658637891282311205e-01
3.413621087176885865e-02
8.566925379038551336e-01
1.433074620961448664e-01
9.508446782275332687e-01
4.915532177246669659e-02
3.194652591360254146e-01
6.805347408639745854e-01
8.609178418699959812e-01
1.390821581300040188e-01
5.033883221208756975e-02
9.496611677879124302e-01
1.707099141495669326e-01
8.292900858504330674e-01
8.040865748766711230e-01
1.959134251233288770e-01
7.283623229079807526e-01
2.716376770920192474e-01
6.313475085370090500e-02
9.368652491462990950e-01
2.237326860716859489e-02
9.776267313928314051e-01
9.571591870568811888e-01
4.284081294311881810e-02
9.734438448915451181e-01
2.655615510845492008e-02
1.584285989193832123e-01
8.415714010806167877e-01
8.339146008014431954e-01
1.660853991985568046e-01
2.502972051707275103e-01
7.497027948292724897e-01
6.643869017418002620e-02
9.335613098258199738e-01
6.692824636538807770e-02
9.330717536346119223e-01
5.603225458040095308e-02
9.439677454195990469e-01
8.979295499065294006e-01
1.020704500934706271e-01
2.133588767327065927e-02
9.786641123267293407e-01
6.574127195343797414e-01
3.425872804656202586e-01
1.742825609439869750e-01
8.257174390560130250e-01
1.301464893630548403e-01
8.698535106369451597e-01
3.983993018448017676e-02
9.601600698155198232e-01
6.064582197027120758e-01
3.935417802972879242e-01
3.517635322520223928e-01
6.482364677479776072e-01
5.895432517507475101e-01
4.104567482492525454e-01
4.517208562068708577e-02
9.548279143793129142e-01
5.293656217544269182e-01
4.706343782455730262e-01
8.075881480369293541e-01
1.924118519630707014e-01
6.298209820479849785e-02
9.370179017952015021e-01
7.645164502433384746e-01
2.354835497566615254e-01
1.519928436371891234e-01
8.480071563628108766e-01
1.049864655684978887e-01
8.950135344315021113e-01
4.953883192246477662e-02
9.504611680775352234e-01
1.751853814777063478e-01
8.248146185222936522e-01
4.474855095053265064e-02
9.552514490494673494e-01
2.839050164984477931e-01
7.160949835015522069e-01
9.479404999814565747e-01
5.205950001854346004e-02
8.500792717707669199e-01
1.499207282292330523e-01
2.284271843708524097e-01
7.715728156291475903e-01
7.208606349645871880e-01
2.791393650354128675e-01
8.810698791236148963e-01
1.189301208763850898e-01
2.118196601658830502e-01
7.881803398341169498e-01
2.154482820645242658e-02
9.784551717935475734e-01
8.981495399991342721e-01
1.018504600008657002e-01
5.607495484179449985e-01
4.392504515820550015e-01
2.674033161243272172e-02
9.732596683875672783e-01
6.156809326092431700e-01
3.843190673907568855e-01
8.098116585044327076e-01
1.901883414955672924e-01
8.999507126703943927e-01
1.000492873296056212e-01
5.230696882640228917e-02
9.476930311735977108e-01
1.681089325924506328e-01
8.318910674075493672e-01
6.085602813280355239e-01
3.914397186719644761e-01
6.518638109939725034e-01
3.481361890060274411e-01
2.195979285830884642e-01
7.804020714169115358e-01
1.605768650287670019e-01
8.394231349712329981e-01
4.659048407539867487e-01
5.340951592460132513e-01
7.310158948287182046e-02
9.268984105171281795e-01
1.170344174086873634e-01
8.829655825913126366e-01
1.628083741040092791e-01
8.371916258959907209e-01
6.184745734254469829e-01
3.815254265745530171e-01
4.895172504435516547e-01
5.104827495564483453e-01
5.216278419297804003e-01
4.783721580702195997e-01
2.450602857609305296e-01
7.549397142390694704e-01
1.709202544712150607e-01
8.290797455287849393e-01
8.623201900489299021e-01
1.376798099510700979e-01
3.927955638757069101e-01
6.072044361242930899e-01
8.721057250519399506e-01
1.278942749480601049e-01
3.513166688561952800e-01
6.486833311438047200e-01
6.602836759412589185e-01
3.397163240587410815e-01
1.804313193745270549e-01
8.195686806254729451e-01
8.463796691170695219e-01
1.536203308829305059e-01
8.640251428626642971e-01
1.359748571373356751e-01
1.009845414350679649e-01
8.990154585649320351e-01
1.688828869470583305e-01
8.311171130529416695e-01
2.002734916459546488e-01
7.997265083540453512e-01
4.998725146064730840e-02
9.500127485393526916e-01
8.604674051459848538e-01
1.395325948540150907e-01
9.103696189453821530e-01
8.963038105461787475e-02
1.606064262479744986e-02
9.839393573752025501e-01
8.101399654262599892e-01
1.898600345737400386e-01
7.374341019543484421e-02
9.262565898045651558e-01
9.526627581429777392e-01
4.733724185702226084e-02
9.074654078540971280e-01
9.253459214590291360e-02
1.087454792093008882e-01
8.912545207906991118e-01
2.000535906283429366e-01
7.999464093716570634e-01
7.739205710746943634e-02
9.226079428925305637e-01
7.803509615935513288e-01
2.196490384064487267e-01
8.005613975528824700e-01
1.994386024471174745e-01
1.527078525961202971e-01
8.472921474038797029e-01
8.084960950180397621e-02
9.191503904981960238e-01
3.699292238157204649e-01
6.300707761842795351e-01
1.776371234564925183e-01
8.223628765435074817e-01
8.885218749281549311e-01
1.114781250718451244e-01
6.582832274455618915e-01
3.417167725544380530e-01
3.717804892387920335e-01
6.282195107612079665e-01
7.132402546038280056e-01
2.867597453961719944e-01
2.114068230861758657e-01
7.885931769138241343e-01
7.534462159072010667e-01
2.465537840927989610e-01
7.082058619213325024e-01
2.917941380786674976e-01
9.655617019720881267e-01
3.443829802791191497e-02
8.600124055637217158e-01
1.399875944362782287e-01
8.142642220137483733e-01
1.857357779862516822e-01
5.078796115707218117e-02
9.492120388429278188e-01
9.569947531951518149e-01
4.300524680484817813e-02
5.943714215696922487e-01
4.056285784303077513e-01
6.991291748865957612e-02
9.300870825113404239e-01
1.309907714074153295e-01
8.690092285925846705e-01
8.704090370753141404e-01
1.295909629246858041e-01
3.623661102245672172e-01
6.376338897754327828e-01
1.758729570385164642e-01
8.241270429614835358e-01
8.644342323226391622e-01
1.355657676773608100e-01
9.017662838774312961e-01
9.823371612256871777e-02
6.031520896231761242e-01
3.968479103768238203e-01
3.845538527740999246e-02
9.615446147225900075e-01
8.333942019766837905e-01
1.666057980233162095e-01
8.123548696577611583e-01
1.876451303422387862e-01
7.717545584963656502e-01
2.282454415036344053e-01
2.681793176010187629e-01
7.318206823989812371e-01
8.935326672915029356e-01
1.064673327084970367e-01
2.998514848268674093e-02
9.700148515173132591e-01
2.064633537087771087e-01
7.935366462912228913e-01
3.003721998031783080e-02
9.699627800196821692e-01
8.184873174601750012e-01
1.815126825398250543e-01
1.598075101511110541e-01
8.401924898488889459e-01
6.375079720492224933e-01
3.624920279507775067e-01
8.975907887303488097e-01
1.024092112696511625e-01
7.104913178146359254e-01
2.895086821853640191e-01
1.068712192746934520e-01
8.931287807253065480e-01
8.801146452486485749e-01
1.198853547513514667e-01
6.103942982146670637e-01
3.896057017853329918e-01
6.946599327393165879e-02
9.305340067260683412e-01
4.905990729255216287e-02
9.509400927074478371e-01
4.607512927305019712e-01
5.392487072694980288e-01
1.114322904390661062e-01
8.885677095609338938e-01
1.240219122223087389e-01
8.759780877776912611e-01
1.070256979429767830e-01
8.929743020570232170e-01
3.727912697862545421e-02
9.627208730213745458e-01
4.797561946673005728e-01
5.202438053326994272e-01
2.800154731613507808e-01
7.199845268386492192e-01
6.441553769085434089e-01
3.558446230914565911e-01
8.467448574258353844e-01
1.532551425741645601e-01
9.344975552139753727e-01
6.550244478602461340e-02
1.362072150207704890e-01
8.637927849792295110e-01
8.712889271813030190e-01
1.287110728186969810e-01
3.861470526689473326e-01
6.138529473310526674e-01
2.343862405055996412e-01
7.656137594944003588e-01
5.651950681821549249e-02
9.434804931817845075e-01
6.454575651652605384e-02
9.354542434834739462e-01
9.442076334277692551e-01
5.579236657223075185e-02
8.116722142096238768e-01
1.883277857903761510e-01
2.114018187628292633e-01
7.885981812371707367e-01
8.968465476831168903e-01
1.031534523168830542e-01
5.524059739793948376e-01
4.475940260206051624e-01
8.798142434161818626e-01
1.201857565838181652e-01
7.708499723949384652e-01
2.291500276050615903e-01
9.567162577253414124e-01
4.328374227465860147e-02
2.528641291020830018e-01
7.471358708979169982e-01
7.425856217464799069e-02
9.257414378253520093e-01
4.502810837975607106e-01
5.497189162024392894e-01
1.032961695786172029e-01
8.967038304213827971e-01
2.914407929767656169e-01
7.085592070232343831e-01
3.692894230815173540e-01
6.307105769184826460e-01
5.751666300879034743e-01
4.248333699120964702e-01
8.311513947546786962e-01
1.688486052453212760e-01
2.793552958625433735e-02
9.720644704137456626e-01
5.004119095169738962e-01
4.995880904830260483e-01
1.983297969094850455e-01
8.016702030905149545e-01
8.555968161955280760e-01
1.444031838044719795e-01
5.902891010605613165e-01
4.097108989394386835e-01
1.833034672014025590e-01
8.166965327985974410e-01
1.072260207604921467e-01
8.927739792395078533e-01
7.139611782732633305e-01
2.860388217267366695e-01
1.264090377990736425e-01
8.735909622009263575e-01
1.946332604679418266e-01
8.053667395320581734e-01
1.024084351255382108e-01
8.975915648744617892e-01
2.434344704979951590e-02
9.756565529502004841e-01
8.810460510682766033e-01
1.189539489317233550e-01
1.762617613110984971e-01
8.237382386889015029e-01
8.369996491443943976e-01
1.630003508556056302e-01
8.361705310095618460e-01
1.638294689904381263e-01
9.550366270967222126e-01
4.496337290327775266e-02
8.965101159754874649e-01
1.034898840245125490e-01
9.470085821358386058e-01
5.299141786416135258e-02
1.049175991946760256e-01
8.950824008053239744e-01
8.768060396108713350e-01
1.231939603891287066e-01
6.685892133946180760e-01
3.314107866053819795e-01
5.372763847739721044e-01
4.627236152260278956e-01
9.463888757042212552e-01
5.361112429577877259e-02
9.379654835205442076e-02
9.062034516479455792e-01
7.853963474843888015e-01
2.146036525156111985e-01
3.016301530246338070e-01
6.983698469753661930e-01
8.524686653199183839e-01
1.475313346800816161e-01
3.118604886936759968e-01
6.881395113063240032e-01
6.000410630215642360e-01
3.999589369784357640e-01
5.791136121206115206e-01
4.208863878793884794e-01
4.564858675348204553e-02
9.543514132465179545e-01
9.551369761434168604e-01
4.486302385658313269e-02
9.987655176724852257e-02
9.001234482327514774e-01
3.130472597070536045e-01
6.869527402929463955e-01
6.903448970378343041e-01
3.096551029621657514e-01
3.348255776331693356e-01
6.651744223668306644e-01
1.824589626943011744e-01
8.175410373056988256e-01
2.989059348593915422e-01
7.010940651406084578e-01
8.880156318131563475e-01
1.119843681868436247e-01
2.378478930685024029e-01
7.621521069314975971e-01
5.343540564636251045e-01
4.656459435363748955e-01
3.000237034242551060e-01
6.999762965757448940e-01
7.572040042697358864e-02
9.242795995730264114e-01
5.683417056685302615e-01
4.316582943314697940e-01
1.693275502375249930e-01
8.306724497624750070e-01
9.029109287482919299e-01
9.708907125170804231e-02
8.392672134645771109e-01
1.607327865354228891e-01
8.371030019710231640e-01
1.628969980289768638e-01
3.555672724747909186e-01
6.444327275252090814e-01
1.625132819268910733e-01
8.374867180731089267e-01
3.569524817903191316e-01
6.430475182096808684e-01
3.858003129475733317e-01
6.141996870524266683e-01
8.799144979560282742e-01
1.200855020439716841e-01
5.508880412692510609e-01
4.491119587307489391e-01
6.607145880771636559e-02
9.339285411922836344e-01
9.593493861077602158e-01
4.065061389223974253e-02
8.443226784477467772e-01
1.556773215522532228e-01
1.892521040605962268e-01
8.107478959394037732e-01
2.390607066048359153e-01
7.609392933951640847e-01
5.440690074098897266e-02
9.455930992590110273e-01
1.994751080236587537e-01
8.005248919763412463e-01
7.647881532887232936e-01
2.352118467112767064e-01
9.592991277430537034e-01
4.070087225694630356e-02
9.395310186150397369e-01
6.046898138496025615e-02
1.810383139182936141e-02
9.818961686081706386e-01
7.060093942171459247e-01
2.939906057828540753e-01
9.359191212716956310e-01
6.408087872830441067e-02
4.054830647027354296e-01
5.945169352972645704e-01
7.505859868960951253e-02
9.249414013103904875e-01
9.127111537676215747e-01
8.728884623237836982e-02
4.153796005303544980e-02
9.584620399469645502e-01
7.802579284592237041e-02
9.219742071540776296e-01
8.147322718833285293e-01
1.852677281166714984e-01
