"313201_313212"
1.948860138654708862e-01
6.243051588535308838e-02
4.454911947250366211e-01
9.401839971542358398e-01
1.735289990901947021e-01
9.445399045944213867e-01
1.008756458759307861e-01
1.195835024118423462e-01
5.509622097015380859e-01
9.221563935279846191e-01
8.684571385383605957e-01
9.166774153709411621e-01
8.683490008115768433e-02
9.002903103828430176e-01
8.561874628067016602e-01
6.047507748007774353e-02
4.494263529777526855e-01
9.417635798454284668e-01
4.237387478351593018e-01
7.287559658288955688e-02
2.268168330192565918e-01
7.367966324090957642e-02
4.936500638723373413e-02
6.981725096702575684e-01
9.007031321525573730e-01
9.574086666107177734e-01
5.837996006011962891e-01
2.042197287082672119e-01
4.724569916725158691e-01
6.235013529658317566e-02
9.017356485128402710e-02
8.645505905151367188e-01
9.157396554946899414e-01
2.686110138893127441e-01
8.964700698852539062e-01
1.126434430480003357e-01
7.902153730392456055e-01
9.615069031715393066e-01
6.810548305511474609e-01
8.675575852394104004e-01
8.260065913200378418e-01
9.366953372955322266e-01
7.163112759590148926e-01
8.890126943588256836e-01
3.867053985595703125e-01
9.559869766235351562e-01
1.141744405031204224e-01
9.078575372695922852e-01
1.053254306316375732e-01
3.336371779441833496e-01
9.471894502639770508e-01
3.202500045299530029e-01
2.220970839262008667e-01
7.751781940460205078e-01
8.806486129760742188e-01
8.664821088314056396e-02
8.403514623641967773e-01
2.307864874601364136e-01
6.728550791740417480e-01
9.245596081018447876e-02
9.454000592231750488e-01
8.452461659908294678e-02
4.968890249729156494e-01
4.960705935955047607e-01
9.034143686294555664e-01
3.959969878196716309e-01
1.119788438081741333e-01
6.983909010887145996e-01
5.643893480300903320e-01
8.336893916130065918e-01
8.744787573814392090e-01
1.362957209348678589e-01
9.403503537178039551e-01
8.133739233016967773e-01
7.509511709213256836e-01
6.324658542871475220e-02
8.096478581428527832e-01
3.782559335231781006e-01
9.486401081085205078e-01
1.416990458965301514e-01
2.625440359115600586e-01
7.250336408615112305e-01
3.995629549026489258e-01
9.487638473510742188e-01
8.143966197967529297e-01
7.741817831993103027e-01
8.669987916946411133e-01
8.067838549613952637e-01
8.975980281829833984e-01
8.753358721733093262e-01
4.810312390327453613e-01
6.202828511595726013e-02
2.665260136127471924e-01
1.728933453559875488e-01
7.767724394798278809e-01
1.729164868593215942e-01
3.569904863834381104e-01
1.840455383062362671e-01
6.241816878318786621e-01
4.712915420532226562e-01
6.886957585811614990e-02
7.533082365989685059e-01
5.225879549980163574e-01
8.339652419090270996e-01
1.246047168970108032e-01
8.794785141944885254e-01
8.860308527946472168e-01
7.088785767555236816e-01
9.490070343017578125e-01
8.521688580513000488e-01
8.819743394851684570e-01
7.159377932548522949e-01
6.286882162094116211e-01
7.440059632062911987e-02
8.313369750976562500e-02
1.220927909016609192e-01
8.572307229042053223e-01
9.435125440359115601e-02
7.504981160163879395e-01
6.519902497529983521e-02
9.614840894937515259e-02
7.849968671798706055e-01
8.400906920433044434e-01
3.403799831867218018e-01
6.157757639884948730e-01
8.944881558418273926e-01
1.228557378053665161e-01
7.053808867931365967e-02
9.468248486518859863e-01
7.064731121063232422e-01
9.273225665092468262e-01
4.251268208026885986e-01
1.322954893112182617e-01
9.268611073493957520e-01
4.999556392431259155e-02
8.125120997428894043e-01
6.031421422958374023e-01
8.657026290893554688e-01
7.545728087425231934e-01
5.914663895964622498e-02
1.672488749027252197e-01
6.853200793266296387e-01
9.351289868354797363e-01
1.843795031309127808e-01
1.540378779172897339e-01
8.523328900337219238e-01
5.871237516403198242e-01
1.238635629415512085e-01
8.876799046993255615e-02
2.458533346652984619e-01
8.260410428047180176e-01
8.369200676679611206e-02
9.328854680061340332e-01
9.296774119138717651e-02
9.518101811408996582e-02
6.321698427200317383e-01
9.361957311630249023e-01
9.100759625434875488e-01
4.007036983966827393e-01
6.527799963951110840e-01
8.599954247474670410e-01
9.446857571601867676e-01
1.696916222572326660e-01
8.900424838066101074e-02
5.390222743153572083e-02
9.534459561109542847e-02
2.904554307460784912e-01
9.482520818710327148e-01
1.390125155448913574e-01
4.239714443683624268e-01
8.516072630882263184e-01
7.069892883300781250e-01
4.293134808540344238e-01
3.846565485000610352e-01
6.002367138862609863e-01
8.027751445770263672e-01
8.841961026191711426e-01
9.307263791561126709e-02
8.179284334182739258e-01
1.007981374859809875e-01
6.940023303031921387e-01
1.208769604563713074e-01
8.815893530845642090e-01
3.781215250492095947e-01
1.086133345961570740e-01
7.022682428359985352e-01
2.637871205806732178e-01
1.428397744894027710e-01
1.051690131425857544e-01
9.689726680517196655e-02
8.407795429229736328e-01
9.437703490257263184e-01
8.073437213897705078e-02
3.001884520053863525e-01
1.126819700002670288e-01
9.553865790367126465e-01
1.376675069332122803e-01
8.944912552833557129e-01
1.837531626224517822e-01
6.582685559988021851e-02
1.526136100292205811e-01
8.843433260917663574e-01
8.926600217819213867e-01
7.705860137939453125e-01
2.291460335254669189e-01
4.764059931039810181e-02
8.166168928146362305e-01
9.545816779136657715e-01
8.893862962722778320e-01
3.389067947864532471e-01
8.288122713565826416e-02
9.870180487632751465e-02
1.244267597794532776e-01
8.202648162841796875e-02
5.226580798625946045e-02
1.208163499832153320e-01
9.516150355339050293e-01
9.547297358512878418e-01
5.974645167589187622e-02
1.022074148058891296e-01
9.186266660690307617e-01
9.155661463737487793e-01
2.607387006282806396e-01
7.728721201419830322e-02
3.231353461742401123e-01
2.843239605426788330e-01
5.639847368001937866e-02
8.421739935874938965e-02
2.576095163822174072e-01
8.633377552032470703e-01
2.699879407882690430e-01
1.801222264766693115e-01
8.240024447441101074e-01
7.637841701507568359e-01
8.154103159904479980e-01
8.985887765884399414e-01
2.025250494480133057e-01
5.896736979484558105e-01
2.954176962375640869e-01
9.332687854766845703e-01
3.802875578403472900e-01
1.515783518552780151e-01
9.382802248001098633e-01
2.810340225696563721e-01
5.878605693578720093e-02
9.533798694610595703e-01
9.311853051185607910e-01
9.310202300548553467e-02
1.563706696033477783e-01
7.869870066642761230e-01
6.804364323616027832e-01
3.586231470108032227e-01
1.306192427873611450e-01
2.413937747478485107e-01
8.275883644819259644e-02
9.121596813201904297e-01
3.356654047966003418e-01
6.126489117741584778e-02
9.036128520965576172e-01
9.400488138198852539e-01
9.200188517570495605e-01
9.383190274238586426e-01
9.450967907905578613e-01
1.336938291788101196e-01
9.013914465904235840e-01
9.198418259620666504e-01
1.206545159220695496e-01
2.338273972272872925e-01
9.170839786529541016e-01
7.094963639974594116e-02
8.285428881645202637e-01
7.946342229843139648e-01
6.636801362037658691e-02
3.494427502155303955e-01
9.092748910188674927e-02
1.511602699756622314e-01
8.906285762786865234e-01
2.656478285789489746e-01
8.040096759796142578e-01
9.512064456939697266e-01
5.591167211532592773e-01
1.204704865813255310e-01
4.184738993644714355e-01
8.704517483711242676e-01
9.471361041069030762e-01
1.224978491663932800e-01
8.311600983142852783e-02
6.988271474838256836e-01
8.603814840316772461e-01
8.350608497858047485e-02
7.239805161952972412e-02
1.179716736078262329e-01
9.112380743026733398e-01
9.576510190963745117e-01
9.241834878921508789e-01
9.094527959823608398e-01
1.092540919780731201e-01
3.796345293521881104e-01
9.156897068023681641e-01
4.751921892166137695e-01
1.199999377131462097e-01
9.058051556348800659e-02
9.270728230476379395e-01
7.499000430107116699e-01
6.511093378067016602e-01
9.561264514923095703e-01
2.958921492099761963e-01
7.076938152313232422e-01
7.883703708648681641e-01
7.271218299865722656e-02
6.512197852134704590e-01
9.110707044601440430e-01
1.814314574003219604e-01
5.203240513801574707e-01
9.529623389244079590e-01
8.296219259500503540e-02
2.206892818212509155e-01
5.518143624067306519e-02
9.385642409324645996e-01
4.460263848304748535e-01
5.941441282629966736e-02
6.936834007501602173e-02
3.910940885543823242e-01
9.455340504646301270e-01
1.194726228713989258e-01
1.283343881368637085e-01
6.943888962268829346e-02
3.138996064662933350e-01
9.267396330833435059e-01
1.371453404426574707e-01
9.555776715278625488e-01
9.020246267318725586e-01
9.488935470581054688e-01
8.513543605804443359e-01
8.008045703172683716e-02
9.185091257095336914e-01
7.213909178972244263e-02
7.006216049194335938e-02
6.150605082511901855e-01
8.392893075942993164e-01
1.272380799055099487e-01
6.975635141134262085e-02
9.578633904457092285e-01
7.894334942102432251e-02
4.704560339450836182e-01
1.269463002681732178e-01
1.098365262150764465e-01
5.543715357780456543e-01
9.287155270576477051e-01
7.517597675323486328e-01
6.673677265644073486e-02
9.510204195976257324e-01
1.842801421880722046e-01
7.461026310920715332e-02
5.501264333724975586e-02
6.793049722909927368e-02
9.514222741127014160e-01
3.539156913757324219e-01
8.982689380645751953e-01
6.057431921362876892e-02
1.012264788150787354e-01
8.174031227827072144e-02
8.702160716056823730e-01
4.927375018596649170e-01
8.731983900070190430e-01
6.509342193603515625e-01
2.199601382017135620e-01
2.173249721527099609e-01
9.064376950263977051e-01
9.513689875602722168e-01
1.000672727823257446e-01
9.177485108375549316e-02
5.741465687751770020e-01
2.633822560310363770e-01
8.323342204093933105e-01
9.081031084060668945e-01
9.020131230354309082e-01
9.556080698966979980e-01
8.705023676156997681e-02
9.531388878822326660e-01
9.102074801921844482e-02
5.572987198829650879e-01
9.018697738647460938e-01
9.236047267913818359e-01
7.767706513404846191e-01
7.698698043823242188e-01
1.128385961055755615e-01
8.955516219139099121e-01
7.543324679136276245e-02
2.793986201286315918e-01
8.548688292503356934e-01
1.880702823400497437e-01
9.279154539108276367e-01
6.306670308113098145e-01
9.400540590286254883e-01
7.654861211776733398e-01
9.470318555831909180e-01
2.127178311347961426e-01
8.813920617103576660e-02
3.494986891746520996e-01
8.493027091026306152e-01
5.931739807128906250e-01
1.713571697473526001e-01
7.951233386993408203e-01
9.512169361114501953e-01
8.139368891716003418e-02
9.501642733812332153e-02
9.546356797218322754e-01
8.042621612548828125e-01
2.797206938266754150e-01
7.286155223846435547e-02
8.925607204437255859e-01
8.930571079254150391e-01
7.410660386085510254e-02
3.346894979476928711e-01
8.488047719001770020e-01
8.580502271652221680e-01
2.556672692298889160e-01
9.219323992729187012e-01
8.842999935150146484e-01
5.557189583778381348e-01
1.804384738206863403e-01
8.621126413345336914e-01
1.877865344285964966e-01
6.228150129318237305e-01
8.412348628044128418e-01
8.032229542732238770e-02
2.288455516099929810e-01
3.743091821670532227e-01
6.424043178558349609e-01
1.728108823299407959e-01
8.000926971435546875e-01
1.354283392429351807e-01
1.082324832677841187e-01
8.231672048568725586e-01
7.362234592437744141e-01
7.708352208137512207e-01
9.180524349212646484e-01
1.817114055156707764e-01
7.152844965457916260e-02
9.350556135177612305e-01
2.260297983884811401e-01
8.567084670066833496e-01
7.448730617761611938e-02
1.002950891852378845e-01
9.292691349983215332e-01
9.136840105056762695e-01
9.510551095008850098e-01
4.074874818325042725e-01
2.987255454063415527e-01
6.662725210189819336e-01
9.247112274169921875e-01
8.422601222991943359e-01
8.223339915275573730e-01
1.390207558870315552e-01
9.032959491014480591e-02
5.945816636085510254e-01
1.313951164484024048e-01
9.361714124679565430e-01
2.643530070781707764e-01
2.367809712886810303e-01
8.994320780038833618e-02
1.121858507394790649e-01
1.437606811523437500e-01
9.202055335044860840e-01
9.794569760560989380e-02
4.290516674518585205e-01
9.336370825767517090e-01
8.277263045310974121e-01
9.091383963823318481e-02
7.168754339218139648e-01
7.784987092018127441e-01
2.199440747499465942e-01
7.956568151712417603e-02
7.994054555892944336e-01
9.484244585037231445e-01
3.928166627883911133e-01
7.415246963500976562e-01
7.603614032268524170e-02
9.367122054100036621e-01
2.395373135805130005e-01
9.624826908111572266e-01
6.939729452133178711e-01
9.370849728584289551e-01
2.023899257183074951e-01
7.620408535003662109e-01
8.562194108963012695e-01
1.177874282002449036e-01
3.558093607425689697e-01
8.904093503952026367e-01
1.115844324231147766e-01
4.968082606792449951e-01
9.399837255477905273e-01
7.582231760025024414e-01
6.803618073463439941e-01
8.884509205818176270e-01
8.269605636596679688e-01
9.416810274124145508e-01
9.477962851524353027e-01
2.364503592252731323e-01
6.681206226348876953e-01
4.908928275108337402e-01
1.870479285717010498e-01
1.030234768986701965e-01
8.814284205436706543e-01
2.893590927124023438e-01
8.751454949378967285e-01
8.668844103813171387e-01
9.370079040527343750e-01
8.937788605690002441e-01
7.007816433906555176e-02
1.703425794839859009e-01
3.916060030460357666e-01
4.360058903694152832e-01
1.086318269371986389e-01
8.155573159456253052e-02
3.503337502479553223e-01
6.098159775137901306e-02
5.260633826255798340e-01
8.545386195182800293e-01
8.633722662925720215e-01
9.022009372711181641e-01
8.421370387077331543e-01
7.980197072029113770e-01
8.626509308815002441e-01
9.755458682775497437e-02
9.260321259498596191e-01
2.008070498704910278e-01
8.401885628700256348e-01
1.131872087717056274e-01
3.756774663925170898e-01
9.148775935173034668e-01
7.261789441108703613e-01
5.019851326942443848e-01
7.083722352981567383e-01
7.816720604896545410e-01
9.509313106536865234e-01
9.559184312820434570e-01
1.198906004428863525e-01
5.848435759544372559e-01
1.268645823001861572e-01
1.851094365119934082e-01
2.073859572410583496e-01
1.417284011840820312e-01
7.561577856540679932e-02
9.376055598258972168e-01
1.044088229537010193e-01
8.305561542510986328e-01
7.167940139770507812e-01
8.098749816417694092e-02
5.275023579597473145e-01
7.345116138458251953e-02
8.800289630889892578e-01
1.212107986211776733e-01
6.093326807022094727e-01
2.063704431056976318e-01
6.495501399040222168e-01
9.481983780860900879e-01
9.500915557146072388e-02
9.070008993148803711e-01
7.976967692375183105e-01
1.498658210039138794e-01
8.577398657798767090e-01
8.491842746734619141e-01
5.125973224639892578e-01
1.964781135320663452e-01
9.217967391014099121e-01
1.206254735589027405e-01
4.748569130897521973e-01
8.459131121635437012e-01
8.518863320350646973e-01
7.924143075942993164e-01
7.832752168178558350e-02
1.798301637172698975e-01
3.473569452762603760e-01
8.953043818473815918e-02
8.747859597206115723e-01
6.844761371612548828e-01
8.487687706947326660e-01
1.552668213844299316e-01
1.733049601316452026e-01
9.535223841667175293e-01
1.266565471887588501e-01
8.899042010307312012e-02
6.719726324081420898e-01
8.973394632339477539e-01
9.290810823440551758e-01
3.904632329940795898e-01
6.700004339218139648e-01
6.480249017477035522e-02
1.119073778390884399e-01
9.346740841865539551e-01
1.359761655330657959e-01
7.728067040443420410e-02
4.808950424194335938e-01
8.884653449058532715e-01
3.095200955867767334e-01
9.161499738693237305e-01
9.025114774703979492e-01
5.410355329513549805e-02
