8.726414750613309401e-01
1.273585249386690599e-01
9.591764386918627538e-01
4.082356130813729472e-02
7.367064257043701714e-01
2.632935742956298286e-01
1.047664996723519648e-01
8.952335003276480352e-01
4.212380879747333884e-01
5.787619120252666116e-01
2.309911932417652025e-02
9.769008806758234797e-01
6.916044928254749813e-01
3.083955071745250187e-01
8.465563587875278850e-01
1.534436412124720872e-01
7.958857449353314850e-01
2.041142550646684872e-01
4.489613078951548708e-02
9.551038692104845129e-01
7.049109510243600774e-02
9.295089048975639923e-01
2.992043905040020491e-02
9.700795609495997951e-01
3.440261857714376204e-01
6.559738142285623796e-01
8.578620313411566833e-02
9.142137968658843317e-01
1.223267863189492211e-01
8.776732136810507789e-01
9.557747425055309609e-01
4.422525749446900439e-02
8.206486731564929249e-01
1.793513268435070751e-01
2.751268168592102548e-02
9.724873183140789745e-01
5.013368357303353839e-01
4.986631642696646716e-01
9.435378555543902923e-01
5.646214444560965218e-02
3.850076710139337388e-01
6.149923289860662612e-01
7.423378051359317276e-01
2.576621948640682724e-01
9.288864449756832897e-01
7.111355502431675191e-02
4.190757112085782277e-01
5.809242887914217723e-01
1.244732661596450463e-01
8.755267338403549537e-01
3.631619222143989134e-02
9.636838077785601087e-01
7.907431470512792382e-01
2.092568529487207618e-01
5.572214733108045159e-01
4.427785266891955396e-01
2.636787319112638972e-01
7.363212680887361028e-01
9.116003556054385060e-01
8.839964439456149403e-02
8.261679784345916655e-01
1.738320215654083067e-01
2.317487981054606738e-01
7.682512018945393262e-01
1.930757340016024948e-01
8.069242659983975052e-01
7.495112903747976896e-01
2.504887096252023104e-01
4.695155256550025413e-01
5.304844743449974587e-01
7.210590190792440790e-01
2.789409809207558655e-01
9.458506050840775892e-02
9.054149394915922411e-01
6.215864199686504943e-02
9.378413580031349506e-01
9.608992059137688724e-02
9.039100794086231128e-01
2.208690191678963632e-01
7.791309808321036368e-01
2.124667545729528317e-01
7.875332454270471683e-01
5.175491561645806371e-02
9.482450843835419363e-01
2.177606956704507546e-01
7.822393043295492454e-01
1.622596398931566153e-01
8.377403601068433847e-01
4.000161733503427852e-01
5.999838266496572148e-01
6.022018008429030900e-02
9.397798199157096910e-01
9.393094479487094084e-01
6.069055205129054303e-02
1.172356784442035726e-01
8.827643215557964274e-01
5.034189550282963665e-01
4.965810449717036335e-01
8.055135112052449475e-01
1.944864887947550247e-01
4.008422129987432303e-02
9.599157787001256770e-01
3.643734790176734739e-01
6.356265209823265261e-01
6.031223487371407677e-01
3.968776512628592323e-01
1.384567425680386377e-01
8.615432574319613623e-01
1.857938431631770415e-01
8.142061568368229585e-01
7.910910000000699327e-01
2.089089999999301228e-01
2.073578054016008698e-01
7.926421945983991302e-01
9.259481670368532313e-01
7.405183296314678254e-02
3.205943692222318342e-01
6.794056307777681658e-01
9.539907403788753237e-01
4.600925962112472484e-02
1.713984613617705044e-01
8.286015386382294956e-01
5.902089664466625418e-01
4.097910335533374027e-01
8.674348382910841426e-01
1.325651617089158851e-01
3.240357992422482347e-01
6.759642007577517653e-01
1.189200911873218303e-01
8.810799088126781697e-01
8.016279851419776392e-01
1.983720148580223885e-01
7.333231437131451091e-01
2.666768562868549464e-01
1.081576220545583666e-01
8.918423779454416334e-01
3.961335805241625874e-01
6.038664194758374126e-01
9.530908963792106281e-02
9.046909103620789372e-01
1.117128891951097991e-01
8.882871108048902009e-01
9.646474939861849895e-01
3.535250601381502433e-02
4.705265756291243662e-02
9.529473424370875634e-01
1.402782620778197931e-01
8.597217379221802069e-01
1.058660194577289992e-01
8.941339805422710008e-01
8.437512070177773937e-01
1.562487929822225785e-01
7.049239219568970150e-02
9.295076078043102985e-01
8.038711129041358205e-01
1.961288870958641795e-01
6.958679945299472980e-02
9.304132005470052702e-01
9.282081195825078179e-01
7.179188041749218208e-02
4.489010527619856639e-01
5.510989472380143361e-01
1.070666638383585001e-01
8.929333361616414999e-01
6.567878717603554684e-01
3.432121282396445872e-01
1.857377538050475341e-02
9.814262246194952466e-01
9.378188612065885277e-02
9.062181138793411472e-01
6.405293478439322286e-01
3.594706521560677159e-01
4.117477394106721089e-01
5.882522605893278911e-01
2.023064700888290712e-01
7.976935299111709288e-01
2.513327769837000458e-01
7.486672230162999542e-01
2.717266430179625658e-01
7.282733569820374342e-01
1.138392557472684974e-01
8.861607442527315026e-01
8.880010435127030366e-01
1.119989564872970189e-01
2.977429779436745472e-01
7.022570220563254528e-01
8.797734594467161440e-01
1.202265405532838838e-01
4.958332917053209776e-02
9.504166708294679022e-01
6.085760376935165361e-01
3.914239623064834084e-01
8.108562345484808809e-01
1.891437654515191469e-01
7.737566776159978676e-01
2.262433223840020768e-01
9.631255656677017996e-02
9.036874434332298200e-01
3.637990090775559127e-01
6.362009909224440873e-01
9.304810871513792270e-01
6.951891284862075915e-02
4.807890893456709946e-01
5.192109106543290054e-01
1.019884608649205271e-01
8.980115391350794729e-01
1.220627283703337174e-01
8.779372716296662826e-01
4.126862449773515129e-01
5.873137550226484871e-01
5.675810680239270489e-01
4.324189319760730066e-01
2.896946784172222955e-01
7.103053215827777045e-01
1.996077506019769965e-01
8.003922493980230035e-01
2.241448122261457954e-02
9.775855187773854205e-01
2.450847570477276971e-02
9.754915242952272303e-01
2.557521717699599018e-01
7.442478282300400982e-01
6.370312526456063384e-01
3.629687473543936060e-01
1.690934462320582421e-01
8.309065537679417579e-01
8.704930114113167416e-01
1.295069885886833139e-01
9.425086394404142975e-01
5.749136055958568858e-02
8.562630951329339712e-01
1.437369048670659732e-01
1.895083767033145516e-01
8.104916232966854484e-01
8.241336935029351940e-01
1.758663064970647782e-01
1.462112311083454408e-01
8.537887688916545592e-01
9.238907232248709800e-01
7.610927677512904777e-02
8.814195000922540046e-01
1.185804999077460092e-01
7.509601607494942321e-02
9.249039839250505768e-01
1.446702568897547669e-01
8.553297431102452331e-01
5.993331142497336783e-01
4.006668857502663217e-01
2.517448149872220098e-01
7.482551850127779902e-01
3.735264469723663661e-01
6.264735530276336339e-01
6.197465715901803174e-01
3.802534284098196826e-01
9.157762892723180226e-01
8.422371072768203293e-02
4.820183905714359174e-02
9.517981609428564083e-01
3.574964828843794074e-01
6.425035171156205926e-01
5.350795278395181764e-02
9.464920472160481824e-01
3.474632822727755643e-01
6.525367177272244357e-01
8.172199462421453342e-01
1.827800537578546936e-01
7.508629183556558839e-02
9.249137081644344116e-01
9.309284352463116363e-01
6.907156475368840531e-02
1.956076567833586743e-01
8.043923432166413257e-01
1.653839402876859932e-01
8.346160597123140068e-01
2.648222983832254629e-01
7.351777016167745371e-01
3.117060133240371345e-01
6.882939866759628655e-01
9.150723864949733555e-01
8.492761350502667228e-02
8.276056350643496984e-01
1.723943649356503294e-01
4.142207469071536030e-01
5.857792530928463970e-01
6.112542007081600559e-02
9.388745799291839944e-01
8.504327618718693360e-01
1.495672381281306362e-01
8.484614033614135131e-01
1.515385966385865146e-01
1.887807683997585473e-01
8.112192316002414527e-01
4.569579788958566535e-01
5.430420211041433465e-01
7.437399618589701777e-01
2.562600381410298778e-01
9.067895223682956862e-01
9.321047763170427214e-02
2.560649440625113460e-01
7.439350559374886540e-01
8.549740832523089473e-02
9.145025916747691053e-01
9.545793352180687030e-01
4.542066478193124146e-02
8.729427559905766909e-02
9.127057244009423309e-01
9.229190542475733672e-01
7.708094575242660507e-02
9.064055461461304475e-01
9.359445385386949701e-02
2.131844356985943545e-01
7.868155643014056455e-01
3.736960369506880930e-02
9.626303963049311907e-01
8.510279933927555884e-02
9.148972006607244412e-01
4.048459742048337029e-01
5.951540257951662971e-01
4.560303587297376282e-02
9.543969641270262372e-01
1.064004938440895609e-01
8.935995061559104391e-01
2.085156811179723624e-01
7.914843188820276376e-01
1.544526915700515923e-01
8.455473084299484077e-01
9.551218382236696947e-01
4.487816177633027759e-02
5.671418754853053690e-01
4.328581245146946310e-01
3.992934903719386197e-01
6.007065096280613803e-01
7.236825451877313409e-01
2.763174548122686036e-01
1.858440417419016111e-02
9.814155958258098389e-01
6.250584019150232651e-01
3.749415980849767349e-01
8.341917890210255315e-01
1.658082109789745240e-01
8.389590685221304245e-02
9.161040931477869576e-01
3.570413918427005617e-01
6.429586081572994383e-01
5.432194103689214071e-01
4.567805896310785929e-01
7.799544986626899545e-01
2.200455013373100732e-01
8.081641366495951884e-01
1.918358633504048116e-01
3.783740407445868037e-02
9.621625959255413196e-01
1.628686908967625913e-01
8.371313091032374087e-01
6.844398189172067326e-01
3.155601810827932674e-01
1.472971254552405407e-01
8.527028745447594593e-01
9.146302373289979526e-01
8.536976267100206128e-02
2.499304391598888841e-01
7.500695608401111159e-01
3.455415710590037381e-01
6.544584289409962619e-01
3.063485413278653757e-01
6.936514586721346243e-01
8.397453486176968962e-01
1.602546513823030760e-01
8.000536016960875241e-01
1.999463983039125314e-01
1.207058054391626500e-01
8.792941945608373500e-01
4.831357226554594542e-01
5.168642773445405458e-01
7.644283790654944344e-01
2.355716209345056211e-01
7.638785987109173448e-01
2.361214012890826275e-01
9.116967925501722192e-01
8.830320744982773917e-02
9.810995465348515410e-02
9.018900453465148459e-01
2.396204128246048892e-02
9.760379587175395111e-01
9.097886050860357621e-01
9.021139491396423793e-02
7.129510043336556580e-01
2.870489956663443420e-01
8.513898596721769518e-01
1.486101403278230204e-01
4.608688771543845153e-02
9.539131122845615485e-01
8.649696765389760511e-01
1.350303234610239489e-01
1.254758996069523791e-01
8.745241003930476209e-01
8.435159110501135871e-01
1.564840889498863574e-01
8.615348425656489395e-01
1.384651574343510605e-01
9.641030668208204757e-01
3.589693317917949655e-02
2.327101144082962536e-01
7.672898855917037464e-01
4.969833898512243664e-02
9.503016610148775634e-01
5.681227936505612863e-01
4.318772063494387692e-01
9.309554057934618099e-01
6.904459420653820401e-02
9.344679136865514657e-01
6.553208631344850654e-02
8.159233365674833927e-02
9.184076663432516607e-01
3.199139930909900009e-02
9.680086006909009999e-01
1.181830293993673120e-01
8.818169706006326880e-01
8.763760948078006541e-01
1.236239051921993043e-01
9.628973623483388922e-01
3.710263765166108701e-02
8.073809224208361446e-01
1.926190775791638832e-01
7.234823673576455949e-01
2.765176326423544606e-01
8.554418810199386769e-01
1.445581189800612953e-01
9.325748465724299496e-01
6.742515342757000874e-02
5.858576712605173542e-01
4.141423287394826458e-01
2.945445119385681210e-02
9.705455488061431879e-01
5.966002120684010812e-02
9.403399787931598919e-01
9.431041516340564757e-01
5.689584836594357292e-02
6.669840053620373910e-01
3.330159946379626090e-01
1.937085658073660621e-01
8.062914341926339379e-01
2.197924549028700270e-01
7.802075450971299730e-01
5.316478728443649882e-01
4.683521271556349563e-01
9.161870659163035002e-01
8.381293408369651365e-02
5.173644999911954923e-01
4.826355000088045077e-01
8.159662218888519281e-01
1.840337781111481275e-01
8.983706216875239070e-01
1.016293783124761069e-01
6.935158317979063236e-01
3.064841682020936764e-01
8.531547462604307519e-01
1.468452537395692759e-01
1.549375896260928309e-01
8.450624103739071691e-01
6.724810306846615848e-01
3.275189693153384152e-01
8.763261595401206083e-01
1.236738404598794333e-01
2.735236863016085040e-01
7.264763136983914960e-01
2.163814975383838712e-01
7.836185024616161288e-01
2.699164417931236848e-01
7.300835582068763152e-01
1.537411730037510083e-01
8.462588269962489917e-01
7.685922482896596630e-01
2.314077517103402815e-01
5.596464465418147238e-01
4.403535534581853317e-01
8.842674205260901976e-01
1.157325794739097885e-01
6.934472169122340990e-02
9.306552783087765901e-01
1.259524495214059403e-01
8.740475504785940597e-01
6.132551398645038621e-01
3.867448601354961379e-01
2.096867875007291104e-02
9.790313212499270890e-01
8.661843275659003583e-01
1.338156724340996695e-01
9.355229243835045949e-01
6.447707561649544672e-02
4.212039384038346324e-02
9.578796061596165368e-01
4.614421079849140295e-02
9.538557892015085971e-01
5.126838231600422402e-01
4.873161768399577598e-01
7.474122052698133345e-01
2.525877947301866100e-01
1.186646596832916511e-01
8.813353403167083489e-01
1.551800088713299886e-01
8.448199911286700114e-01
8.145893074592731598e-01
1.854106925407268402e-01
8.185224052885535784e-01
1.814775947114464494e-01
8.381255278877652870e-01
1.618744721122347130e-01
8.937409770238251561e-01
1.062590229761748578e-01
5.004864909438977438e-01
4.995135090561022562e-01
8.172016399779868934e-01
1.827983600220130511e-01
8.432185533435869740e-01
1.567814466564130538e-01
9.240595331416834313e-02
9.075940466858316569e-01
9.653270398202884461e-02
9.034672960179711554e-01
8.111000853780614417e-02
9.188899914621938558e-01
5.178155026306330289e-02
9.482184497369366971e-01
4.411235494031473525e-02
9.558876450596852647e-01
9.088117014471430721e-01
9.118829855285695563e-02
4.406555184376592660e-02
9.559344481562340734e-01
5.854232261867020615e-02
9.414576773813297939e-01
8.522441640749243152e-01
1.477558359250756848e-01
3.639636828196227691e-01
6.360363171803772309e-01
1.326042052650694414e-01
8.673957947349305586e-01
9.331273913767132999e-01
6.687260862328670008e-02
2.127582048685136007e-01
7.872417951314863993e-01
7.131352173288469931e-01
2.868647826711530069e-01
8.970726620568320042e-01
1.029273379431680374e-01
3.373513352635371110e-01
6.626486647364628890e-01
9.420040622028451605e-01
5.799593779715482567e-02
3.648814516198024549e-01
6.351185483801975451e-01
2.055519314991485214e-01
7.944480685008514786e-01
9.161818749775396675e-01
8.381812502246027696e-02
6.013451208161648687e-01
3.986548791838351868e-01
9.677711123450405406e-02
9.032228887654959459e-01
6.410867007577536469e-01
3.589132992422462975e-01
8.745888898096618735e-01
1.254111101903380709e-01
8.818909265833543287e-01
1.181090734166456852e-01
1.973106505657361565e-01
8.026893494342638435e-01
5.072303514809395342e-02
9.492769648519060466e-01
4.204344735354300644e-01
5.795655264645699356e-01
8.623138225006267144e-01
1.376861774993732856e-01
5.697154032986926353e-01
4.302845967013073092e-01
3.145271222380033871e-01
6.854728777619966129e-01
8.869636880180366001e-01
1.130363119819634277e-01
9.347755680697703573e-01
6.522443193022960106e-02
9.104895277609071913e-01
8.951047223909283646e-02
1.702545211099412148e-01
8.297454788900587852e-01
5.280021950807523012e-02
9.471997804919247699e-01
2.955938231958554763e-01
7.044061768041445237e-01
2.628470920477888884e-01
7.371529079522111116e-01
8.828025034675602845e-01
1.171974965324397294e-01
1.373835445362657781e-01
8.626164554637342219e-01
1.400119722531038002e-01
8.599880277468961998e-01
7.180073360054186615e-01
2.819926639945813385e-01
7.968079284258768880e-01
2.031920715741230565e-01
8.717657744642048900e-01
1.282342255357950545e-01
9.705374926498122612e-02
9.029462507350187739e-01
4.031500833227177338e-01
5.968499166772822662e-01
2.735030774425211142e-01
7.264969225574788858e-01
3.794292574572288856e-02
9.620570742542771114e-01
8.773535568885144631e-01
1.226464431114854953e-01
2.714991392733632214e-01
7.285008607266367786e-01
1.159365697529637362e-01
8.840634302470362638e-01
8.972052872114575361e-01
1.027947127885424500e-01
4.214113026764425562e-01
5.785886973235574438e-01
3.495226109278137816e-02
9.650477389072186218e-01
7.672467209850238890e-01
2.327532790149760833e-01
3.467356517083246548e-01
6.532643482916753452e-01
2.916081424209182593e-02
9.708391857579081741e-01
9.314850496246303013e-01
6.851495037536965704e-02
6.309609225901882112e-01
3.690390774098117888e-01
9.266434702794548173e-01
7.335652972054522436e-02
1.345968176945693262e-01
8.654031823054306738e-01
4.915822687043585049e-01
5.084177312956414951e-01
7.520391438452851407e-01
2.479608561547149148e-01
9.414290463279384458e-01
5.857095367206158198e-02
1.137471966134123713e-01
8.862528033865876287e-01
5.334722849085449248e-02
9.466527715091455075e-01
8.782712420968106226e-01
1.217287579031893774e-01
8.797496403844241586e-01
1.202503596155758553e-01
9.298546902867538266e-01
7.014530971324617337e-02
7.684744157604468384e-01
2.315255842395532171e-01
1.518719273512585399e-01
8.481280726487414601e-01
8.861561681205130103e-01
1.138438318794870313e-01
1.500338813743218314e-02
9.849966118625678169e-01
2.298645402761423373e-02
9.770135459723857663e-01
5.657017889260240739e-02
9.434298211073975926e-01
2.329117436931594787e-01
7.670882563068405213e-01
6.548125627740346566e-01
3.451874372259652879e-01
9.836496535612582193e-02
9.016350346438741781e-01
9.365816430684719140e-01
6.341835693152814146e-02
9.512838188839590758e-01
4.871618111604095192e-02
4.512767959656925898e-01
5.487232040343074102e-01
4.429403428627791683e-01
5.570596571372208317e-01
9.028882571242545785e-01
9.711174287574539377e-02
9.345274682326180082e-01
6.547253176738203340e-02
2.028688828862912352e-02
9.797131117113708765e-01
7.138433837112827529e-01
2.861566162887172471e-01
3.127162610446477808e-01
6.872837389553522192e-01
9.542478967080654240e-01
4.575210329193452052e-02
8.855915952997894802e-01
1.144084047002105753e-01
4.102099535173940881e-01
5.897900464826059119e-01
8.998102219708903338e-02
9.100189778029109666e-01
3.453843897698787302e-01
6.546156102301212698e-01
3.073771201188044699e-01
6.926228798811955301e-01
5.402639304688561239e-02
9.459736069531143876e-01
6.101219372810775532e-01
3.898780627189225023e-01
7.134373447238284704e-01
2.865626552761714740e-01
9.108263944941430434e-01
8.917360550585695655e-02
8.842032213805867125e-01
1.157967786194132598e-01
2.161913982706409332e-02
9.783808601729359067e-01
4.750400972997096405e-01
5.249599027002903595e-01
6.170332069817674459e-02
9.382966793018232554e-01
9.444549618713740102e-01
5.554503812862595508e-02
4.376368390430637190e-01
5.623631609569362810e-01
7.881164055259748391e-01
2.118835944740251331e-01
3.271456498681122316e-01
6.728543501318877684e-01
8.455808607211786621e-01
1.544191392788213379e-01
7.188742894414856810e-02
9.281125710558514319e-01
2.727632299964132256e-01
7.272367700035867744e-01
6.924155338180266739e-01
3.075844661819733261e-01
7.239963157862132626e-01
2.760036842137866819e-01
1.155913992898608411e-01
8.844086007101391589e-01
2.891576043750676561e-02
9.710842395624932344e-01
9.451545422994201973e-01
5.484545770057976111e-02
9.668309643569571454e-01
3.316903564304288232e-02
2.189002653257990927e-01
7.810997346742009073e-01
7.733340776282650042e-01
2.266659223717349958e-01
1.561277295784762043e-01
8.438722704215237957e-01
5.208701906311530294e-02
9.479129809368846971e-01
1.263701911664577571e-01
8.736298088335422429e-01
8.254358750710866222e-02
9.174564124928913378e-01
8.710310359838515648e-01
1.289689640161483797e-01
2.912177892576606197e-02
9.708782210742339380e-01
6.825292851945994332e-01
3.174707148054005668e-01
1.212669066954628061e-01
8.787330933045371939e-01
1.108512721598872153e-01
8.891487278401127847e-01
5.346789500020110442e-02
9.465321049997988956e-01
7.512315452133823124e-01
2.487684547866176876e-01
1.337161775629672755e-01
8.662838224370327245e-01
5.827133222856106798e-01
4.172866777143892647e-01
1.329525894240979333e-01
8.670474105759020667e-01
6.293011756306641225e-01
3.706988243693359331e-01
8.637016704643238896e-01
1.362983295356760549e-01
8.788761530085031914e-02
9.121123846991496809e-01
7.637949442164772007e-01
2.362050557835227715e-01
1.115765890605365795e-01
8.884234109394634205e-01
5.673235009198107637e-02
9.432676499080189236e-01
1.079916552291431131e-01
8.920083447708568869e-01
1.533648486845955450e-01
8.466351513154044550e-01
6.906623587522953134e-02
9.309337641247704687e-01
7.142081054337602319e-01
2.857918945662397681e-01
9.445844721629107488e-01
5.541552783708923041e-02
8.262454339563952699e-01
1.737545660436047579e-01
4.017511630519406962e-01
5.982488369480593038e-01
7.693216424381489338e-01
2.306783575618510385e-01
8.836838659895319692e-01
1.163161340104680447e-01
1.030309967960535422e-01
8.969690032039464578e-01
1.771950084804385650e-02
9.822804991519561435e-01
5.883555049014184135e-01
4.116444950985815865e-01
5.277750055522798522e-01
4.722249944477201478e-01
3.423461753182399647e-02
9.657653824681760035e-01
4.305833434170851515e-01
5.694166565829148485e-01
4.310260382969840487e-01
5.689739617030159513e-01
9.659991562295048295e-01
3.400084377049521212e-02
4.587074333191620834e-02
9.541292566680837917e-01
2.425767131440900171e-01
7.574232868559099829e-01
7.378849454983724687e-01
2.621150545016275313e-01
7.843629366616904353e-01
2.156370633383095370e-01
1.758676170368649316e-01
8.241323829631350684e-01
1.431439953776740825e-01
8.568560046223259175e-01
4.120581853564352359e-01
5.879418146435647641e-01
7.272482730697193976e-02
9.272751726930280602e-01
8.154310566808842253e-02
9.184568943319115775e-01
2.540247544496315735e-01
7.459752455503684265e-01
5.383534745479885419e-01
4.616465254520114581e-01
4.026490196563372592e-01
5.973509803436627408e-01
7.269714030552751893e-01
2.730285969447247552e-01
5.118959351490267595e-01
4.881040648509732405e-01
2.016085395184459284e-01
7.983914604815540716e-01
5.363444662671211782e-01
4.636555337328788218e-01
5.344152479895160068e-01
4.655847520104839932e-01
5.614487936775718335e-01
4.385512063224281665e-01
2.592735495164816273e-01
7.407264504835183727e-01
4.477620842592495709e-01
5.522379157407504291e-01
1.612619610678045490e-01
8.387380389321954510e-01
8.930088852537638733e-01
1.069911147462361267e-01
8.171040605480621721e-01
1.828959394519378001e-01
1.158789729333947749e-01
8.841210270666052251e-01
1.724296129164060165e-01
8.275703870835939835e-01
2.594014892050366949e-01
7.405985107949633051e-01
5.671064834608829930e-02
9.432893516539117007e-01
8.364180645485561616e-01
1.635819354514438106e-01
9.120943420029836712e-01
8.790565799701638428e-02
1.587659379286454620e-02
9.841234062071354538e-01
7.397624897398631383e-01
2.602375102601369172e-01
6.688652480721879456e-02
9.331134751927812054e-01
9.197469516555376590e-01
8.025304834446236879e-02
9.459959410399159108e-01
5.400405896008406148e-02
1.128379711868359170e-01
8.871620288131640830e-01
3.662664365770257335e-01
6.337335634229742665e-01
7.497903601664346329e-02
9.250209639833565367e-01
7.849353424928109391e-01
2.150646575071890054e-01
7.596183096553901226e-01
2.403816903446098219e-01
7.027786163620985960e-02
9.297221383637901404e-01
7.822086752656476349e-02
9.217791324734352365e-01
2.314461498640905113e-01
7.685538501359094887e-01
6.741347921810016963e-01
3.258652078189983037e-01
9.315994877217526060e-01
6.840051227824743563e-02
8.499105455309755586e-01
1.500894544690244414e-01
6.557550826777255315e-01
3.442449173222744685e-01
7.420006921708393044e-01
2.579993078291606401e-01
1.953108146836475267e-01
8.046891853163524733e-01
7.462439777176550493e-01
2.537560222823448952e-01
6.606946968156915956e-01
3.393053031843084044e-01
8.968683107824292344e-01
1.031316892175707656e-01
9.526704903209177733e-01
4.732950967908227530e-02
8.227324449088935232e-01
1.772675550911065046e-01
4.776331608598072265e-02
9.522366839140192774e-01
9.520761137410914676e-01
4.792388625890855319e-02
6.880750336795752320e-01
3.119249663204247680e-01
7.211749040618375961e-02
9.278825095938162404e-01
3.129629318350189982e-01
6.870370681649810018e-01
9.130012726587035665e-01
8.699872734129637797e-02
3.346922755742470779e-01
6.653077244257529221e-01
1.479764381913492022e-01
8.520235618086507978e-01
7.488456436243788872e-01
2.511543563756211683e-01
8.714783782920106914e-01
1.285216217079893364e-01
6.835338944077362644e-01
3.164661055922637911e-01
3.543142963817436097e-02
9.645685703618256390e-01
8.051699161712757569e-01
1.948300838287242986e-01
4.615088264543216745e-01
5.384911735456783255e-01
7.206662058059259968e-01
2.793337941940740032e-01
6.933760588323700791e-02
9.306623941167629921e-01
8.788678480992574427e-01
1.211321519007425296e-01
2.656268367564584842e-02
9.734373163243541516e-01
1.125526072541507272e-01
8.874473927458492728e-01
4.453413055224730854e-02
9.554658694477526915e-01
8.079934313494142595e-01
1.920065686505857683e-01
3.621322491476102190e-01
6.378677508523897810e-01
6.312646200330147561e-01
3.687353799669852439e-01
9.520964049379095906e-01
4.790359506209036083e-02
8.510685170442660041e-01
1.489314829557339404e-01
8.548932091744199102e-02
9.145106790825580090e-01
9.523756436875255860e-01
4.762435631247446260e-02
4.290695637219299474e-01
5.709304362780700526e-01
8.033785113270375255e-02
9.196621488672962474e-01
9.206015710786230599e-02
9.079398428921376940e-01
2.827800754633409408e-01
7.172199245366590592e-01
3.937721123833248793e-02
9.606227887616675121e-01
1.088246322076897865e-01
8.911753677923102135e-01
6.659035231152310441e-02
9.334096476884768956e-01
3.101590303273016325e-02
9.689840969672698368e-01
2.928773300505062016e-01
7.071226699494937984e-01
3.298737043876477371e-01
6.701262956123522629e-01
6.117161707943161719e-01
3.882838292056837726e-01
8.902613575330942108e-01
1.097386424669058308e-01
9.189672842661926744e-01
8.103271573380731174e-02
4.089957927181167019e-01
5.910042072818832981e-01
9.258755240196906433e-01
7.412447598030937057e-02
3.336165229471540483e-01
6.663834770528459517e-01
2.070229966598029492e-01
7.929770033401970508e-01
6.634603630192592583e-02
9.336539636980740742e-01
8.071653220139407559e-02
9.192834677986059244e-01
9.177611319624601194e-01
8.223886803753992225e-02
6.968836306715604501e-01
3.031163693284395499e-01
3.363164671233497272e-01
6.636835328766502728e-01
7.099026512057600158e-01
2.900973487942400397e-01
5.706093377141798761e-01
4.293906622858201794e-01
7.356415217453711186e-01
2.643584782546289369e-01
6.073064463707625871e-01
3.926935536292374129e-01
9.420814644691477557e-01
5.791853553085227202e-02
1.713521093236670678e-01
8.286478906763329322e-01
1.332224477166895626e-01
8.667775522833104374e-01
3.604683995783776185e-01
6.395316004216223815e-01
3.707179774747297873e-01
6.292820225252702127e-01
3.800847303570328295e-01
6.199152696429671705e-01
1.850335629006729654e-01
8.149664370993270346e-01
6.202956057512899468e-01
3.797043942487100532e-01
7.693912158185661765e-01
2.306087841814338235e-01
5.200838242232463937e-02
9.479916175776753606e-01
3.413229577938678982e-01
6.586770422061321018e-01
1.647470511853468267e-01
8.352529488146531733e-01
8.693598568293181561e-01
1.306401431706817884e-01
3.862872637068560655e-01
6.137127362931439345e-01
9.657343184249755907e-02
9.034265681575024409e-01
9.719430378913551660e-02
9.028056962108644834e-01
3.400700057237415752e-01
6.599299942762584248e-01
1.756042818594961696e-01
8.243957181405038304e-01
1.431125570095184152e-01
8.568874429904815848e-01
7.611596488055460963e-02
9.238840351194453904e-01
2.338997946354137714e-02
9.766100205364586229e-01
7.438178866684772572e-01
2.561821133315227428e-01
3.312165947061074256e-01
6.687834052938925744e-01
9.023479329654987557e-01
9.765206703450128589e-02
8.216364791052437333e-01
1.783635208947562945e-01
9.466742785529090876e-01
5.332572144709086387e-02
8.942258208419160415e-01
1.057741791580840141e-01
9.273418541271833959e-01
7.265814587281660408e-02
1.724774332248247832e-01
8.275225667751752168e-01
8.446084738432864114e-01
1.553915261567136441e-01
4.381351017839666406e-01
5.618648982160333594e-01
3.726890328670902086e-01
6.273109671329097914e-01
9.247380553067383602e-01
7.526194469326168146e-02
1.311693116684591320e-01
8.688306883315408680e-01
8.237391243532218299e-01
1.762608756467781979e-01
3.715710336431016225e-01
6.284289663568983775e-01
9.027711447963318037e-01
9.722885520366823797e-02
1.298436301322718478e-01
8.701563698677281522e-01
6.297786057928680403e-01
3.702213942071319042e-01
7.278875122229667705e-01
2.721124877770332295e-01
1.065995429155930374e-01
8.934004570844069626e-01
9.591193578832977185e-01
4.088064211670232317e-02
8.169875201943421761e-02
9.183012479805657824e-01
2.573459641554590727e-01
7.426540358445409273e-01
5.249674067863773219e-01
4.750325932136226781e-01
2.278109214971311136e-01
7.721890785028688864e-01
2.234051660170904841e-01
7.765948339829095159e-01
6.950934850888359495e-01
3.049065149111639950e-01
9.005819863955429883e-01
9.941801360445699787e-02
1.478635318819953026e-01
8.521364681180046974e-01
3.886798220449459995e-01
6.113201779550540005e-01
1.541740503672452967e-01
8.458259496327547033e-01
9.350676269500668436e-02
9.064932373049933156e-01
3.824387591751624571e-01
6.175612408248375429e-01
1.952705001365530046e-01
8.047294998634469954e-01
8.817310838204341916e-01
1.182689161795658361e-01
8.622763545543801200e-01
1.377236454456199355e-01
7.392582719374215516e-01
2.607417280625784484e-01
3.102165411080803903e-01
6.897834588919196097e-01
7.023642773266736139e-02
9.297635722673326386e-01
5.105395470579565664e-01
4.894604529420434891e-01
6.678769648620332955e-01
3.321230351379667600e-01
8.781156424931291227e-01
1.218843575068708357e-01
7.326483997366977086e-01
2.673516002633023469e-01
7.021977815016711144e-02
9.297802218498328886e-01
9.621661136150692073e-01
3.783388638493075801e-02
5.488290449054862297e-01
4.511709550945137148e-01
8.938102958409954724e-02
9.106189704159004528e-01
3.297188676382122319e-01
6.702811323617877681e-01
4.079770815097605308e-02
9.592022918490239469e-01
3.056949319733739401e-01
6.943050680266260599e-01
3.001945968856899460e-01
6.998054031143100540e-01
9.567529163778940582e-01
4.324708362210588630e-02
9.511507782775605602e-01
4.884922172243941207e-02
2.298773682574495325e-02
9.770122631742550467e-01
4.959165077029366042e-01
5.040834922970633958e-01
9.218100835877037769e-01
7.818991641229620926e-02
4.649880914500047480e-01
5.350119085499952520e-01
6.229924805462028203e-02
9.377007519453797180e-01
8.991683082793494597e-01
1.008316917206505126e-01
4.465135421755150880e-02
9.553486457824484912e-01
9.138275382489924326e-02
9.086172461751007567e-01
7.474097917940918379e-01
2.525902082059081621e-01
