3.142811992476676752e-01
1.788183709648183961e-01
3.645760037954628441e-01
7.488937407209073083e-01
4.230676355035324354e-01
8.747012341456792406e-01
3.458363130223619519e-01
2.039110018400374924e-01
2.541384947530691552e-01
9.239692103555694480e-01
7.204126474300982519e-01
8.606923542567737062e-01
3.557349490241423773e-01
4.896178075706071331e-01
6.596305422087186399e-01
1.380331081007221128e-01
2.459051793904680483e-01
9.470372513602974829e-01
5.759375623402349653e-01
1.642946893756177529e-01
4.281558859592803357e-01
2.580633268009487336e-01
1.509423789225138313e-01
6.110106930819489968e-01
7.363518597737197524e-01
8.499519375097872587e-01
3.300071801757090140e-01
5.173575847723912435e-01
6.306225087300945109e-01
1.002994198974800910e-01
2.323146762741981619e-01
5.886721665557624883e-01
7.460869087611090578e-01
6.754549155643315705e-01
8.045089378815595271e-01
2.976661730488969759e-01
6.661070533581654463e-01
9.291109064758901193e-01
6.829524922395477926e-01
7.591471873548393257e-01
6.557785521077137414e-01
8.640039791768008293e-01
6.490627215733622002e-01
7.427086832194647048e-01
4.637631111352871205e-01
8.351768316775095569e-01
1.558063044963242105e-01
6.890680599545114804e-01
3.585179453848584830e-01
3.814487131667237407e-01
8.128966503684211808e-01
4.386264113980073431e-01
4.394580488282188169e-01
6.827560676670649809e-01
5.436349501845474386e-01
2.196450410068430670e-01
7.980857545373194473e-01
2.790661156612093685e-01
3.920999786393604691e-01
2.680213780096343257e-01
7.634834291839405207e-01
3.284755851497468404e-01
4.146752272238655723e-01
5.707322217189526592e-01
7.869194148169403880e-01
3.665827844089905585e-01
3.868786461295070644e-01
5.488047034462136819e-01
5.205250424792416952e-01
7.691722611686839794e-01
7.555806254087114038e-01
2.752783293596426928e-01
8.390798611569241228e-01
8.506764734511038650e-01
8.139094092579115536e-01
2.825108571548011760e-01
6.765318209431459007e-01
4.260667871188251743e-01
7.846344533445532843e-01
4.137752551777733601e-01
3.780549987786855359e-01
6.740650787191113658e-01
4.463870768273621170e-01
9.118795914102105771e-01
8.235026439202810522e-01
5.552863420253171256e-01
4.726523726063791009e-01
5.305750901802464004e-01
6.044155236068600168e-01
5.771000887422648162e-01
4.909851396038155680e-01
1.435436379491737413e-01
2.938458978970487356e-01
2.664818411608523840e-01
7.713986094200007138e-01
2.191335662630809755e-01
3.452907126323175313e-01
3.968153758924267693e-01
6.956377167502685310e-01
5.884568658164671673e-01
1.164550623228507442e-01
3.981632796052774759e-01
7.187816205576142981e-01
7.142061642699263357e-01
3.206536233049268603e-01
5.233809147827515051e-01
6.072622201024124866e-01
7.231462274854207894e-01
9.270181075891151812e-01
7.360094910138021973e-01
5.032518973302768650e-01
4.149723833622385727e-01
5.716152053693673851e-01
3.236609109301089582e-01
1.334282715725540192e-01
3.024860413901330203e-01
7.947937904573201262e-01
2.916131344542477466e-01
5.349440307882635803e-01
1.233722402855528394e-01
2.277717858416233587e-01
7.629519234509338776e-01
7.742796007518395474e-01
3.517059521371027619e-01
5.371996430365422182e-01
7.686570445507234783e-01
3.781823296151874403e-01
9.997593670877431837e-02
9.262838276991103292e-01
3.099266711443040001e-01
8.514422220655438744e-01
3.146690269870204837e-01
1.455541520691878976e-01
7.940506800132729470e-01
1.759591047918342976e-01
7.494863203834727372e-01
6.340079202661919044e-01
7.263410897384404707e-01
5.674521270510275439e-01
1.247500516728453357e-01
3.449192032379852502e-01
4.642218222834491037e-01
7.626236715958892853e-01
2.576331238697937565e-01
3.684371546937380004e-01
7.075403991633462120e-01
5.504736711353642731e-01
2.810059153218269490e-01
1.410194472414808553e-01
2.888895855143578384e-01
8.165616960100969823e-01
1.512156020653250832e-01
8.107894918697546860e-01
1.793992946341095851e-01
4.782592739777824509e-01
5.515668733741038166e-01
8.060016808047097969e-01
8.533113817134021506e-01
4.446634718918175411e-01
7.579341541559960760e-01
6.866067944968048398e-01
8.761196244221305385e-01
7.098253730376602455e-01
1.097037084930192197e-01
1.282634801255928270e-01
2.687734381053175636e-01
2.696768967666981487e-01
8.580338350601715014e-01
3.317917895123928540e-01
3.245912524008567890e-01
8.192776455837071925e-01
7.236558732930221671e-01
6.854759667088026198e-01
4.123081203703812259e-01
4.875359132147827346e-01
7.693828056003868543e-01
4.118808470287070866e-01
2.561025761242956555e-01
7.442650464277156264e-01
2.369787312935308921e-01
6.204992437948819717e-01
6.658151507820184722e-01
6.950961097074734862e-01
5.130188666932484765e-01
1.617075244059687500e-01
5.159808365866924706e-01
3.252033348005040070e-01
3.856658754550923440e-01
1.496711234550921754e-01
2.014032898327018095e-01
6.181084214178533820e-01
9.221896342215269993e-01
1.757039360407954554e-01
4.127138958507360345e-01
2.383634243767037975e-01
8.526453705942974581e-01
2.673824398891715415e-01
7.625821685278999507e-01
2.900940474064109820e-01
2.231396786325486603e-01
2.652905178974279132e-01
8.643983491183967471e-01
7.907720938073562467e-01
7.649793154385329252e-01
3.591594414391611201e-01
1.121587143350243065e-01
5.958397474957551898e-01
9.338527129803801952e-01
7.405614787958112455e-01
4.407629329987267086e-01
2.286832257174895022e-01
3.358972436040981169e-01
1.808942972737338506e-01
2.472816755779041198e-01
1.369164654100156198e-01
6.115414268526824237e-01
9.282498321281082987e-01
9.279420358109267131e-01
8.157904249418171383e-02
3.196715693010674375e-01
5.671390299979415239e-01
7.444253405378189470e-01
4.406084697667789207e-01
2.594924161893341630e-01
6.388512579191589769e-01
3.120672601646010680e-01
2.794500908883951751e-01
3.115206524934925891e-01
3.806177001954361150e-01
7.726714957637483838e-01
2.602990233547279875e-01
1.660946067166406970e-01
7.260505144845930126e-01
3.612467709561792972e-01
5.930328826707160772e-01
8.512118349315356269e-01
2.322870250968975259e-01
3.120932288398962084e-01
2.518562243487216801e-01
6.700521541995465569e-01
5.805475445594752149e-01
3.805022285116964054e-01
9.105153377602223097e-01
3.822608935718898593e-01
1.360512333866788492e-01
9.406745281277293369e-01
7.249789783923595854e-01
2.758311505076993519e-01
2.838918186883579997e-01
6.647987936518284791e-01
6.652225760222272299e-01
3.760999248338787737e-01
6.716180465712298098e-01
3.325136817724800853e-01
8.823496380668338634e-02
8.090929676980311847e-01
4.098129532489449556e-01
2.862947851944303568e-01
6.903038374198332550e-01
8.533665319511825054e-01
6.722039810982716190e-01
9.326358811530757187e-01
8.313480273360003281e-01
2.046727860851083602e-01
8.358795052880230170e-01
8.512572033310568109e-01
4.496695393669120633e-01
5.876707844448439966e-01
5.180123711004880338e-01
1.549299206483135682e-01
5.342293902876192879e-01
5.285049079459773758e-01
6.471602643036555857e-02
3.131786353135607159e-01
2.406629465457684747e-01
3.705250097993242342e-01
3.913252406001762607e-01
4.465619996267939373e-01
4.783733715973356726e-01
8.946107222114011437e-01
2.755687710204239860e-01
2.933460447049491826e-01
4.718822263267834494e-01
6.338459107443417118e-01
8.045590519276725194e-01
3.480880543881053613e-01
2.116425350413791984e-01
4.405720793722633366e-01
4.895960118969951980e-01
3.782322814160891111e-01
3.331011329798059251e-01
2.963189208936490848e-01
6.615719722695803107e-01
9.313423485133484059e-01
8.562670447888514058e-01
7.440260790755004461e-01
5.680380667939204375e-01
4.008197662737181255e-01
5.658445232562325788e-01
3.852982134965406424e-01
3.365068998195469008e-01
3.635711256016520565e-01
8.487566359199025801e-01
6.338296493061837955e-01
5.430027664517467212e-01
8.752714482335501867e-01
2.106574661937517523e-01
4.992444389297738816e-01
4.725396146480047577e-01
2.180467500929820501e-01
5.471616456709048615e-01
7.857117108930939953e-01
4.056466126633478386e-01
7.094175263209994142e-01
9.156250305669333400e-01
2.392284555297027049e-01
6.160270653162385202e-01
2.064182667349068190e-01
7.900198632764341422e-01
4.835123201415053584e-01
1.446891636239544532e-01
1.960234248615884134e-01
6.312265447570706289e-01
8.681759151130394869e-01
4.997654673613711185e-01
2.379120592540784063e-01
1.686067301285102682e-01
3.405421259105626541e-01
5.895462700121488764e-01
2.992550991417384787e-01
9.398586347154604947e-01
7.996347943258109714e-01
8.448370055183324068e-01
6.922046555589771444e-01
1.625061179954020718e-01
7.811869369331712054e-01
1.821776774212882644e-01
9.919850205973745894e-02
6.860342042228855242e-01
5.950088750184510111e-01
3.082794994505489994e-01
1.379132622906519001e-01
8.910191234715435504e-01
3.466344000665573799e-01
5.672725768597841611e-01
1.917746119103077018e-01
4.212505698227407835e-01
5.567677479641761629e-01
7.380395350056212500e-01
3.778317734689149443e-01
3.093189421639781500e-01
8.006146914653387014e-01
3.023315577390818243e-01
1.929580712729530856e-01
1.305031271525478875e-01
1.882526921982285995e-01
8.930667636881193250e-01
4.314043963934208192e-01
8.166325639601711428e-01
6.820615155158471499e-02
2.755434221998520061e-01
2.201143097944753269e-01
7.379551131589976443e-01
2.500087625483252696e-01
8.513753153137977314e-01
4.721724322896503345e-01
2.324456495113944865e-01
1.927903370120737092e-01
8.361079652435914333e-01
9.410933732174017186e-01
9.983673790060507147e-02
1.530507607545665283e-01
7.160611075642577816e-01
3.204905303154870211e-01
5.124684478126710907e-01
8.152107169528877151e-01
7.105201883546268249e-01
8.555861448499239019e-01
1.491845083405382855e-01
9.295186058644966387e-01
2.299712592635744790e-01
5.926413896796043357e-01
7.470852715453633053e-01
8.563594936624656651e-01
5.668670861966543795e-01
6.424189447259358587e-01
4.688963631407925270e-01
6.261368900276778060e-01
3.137416298975186368e-01
3.386826214803930757e-01
7.600038193490921135e-01
3.834066675682535341e-01
6.870147832937680832e-01
6.572016819940487142e-01
8.072680945543824205e-01
5.990002659209201497e-01
7.767852584457842768e-01
4.161606747176843091e-01
3.069386968580413155e-01
3.998604451735466858e-01
6.989688750973523934e-01
5.165918667420315025e-01
2.187932530360972294e-01
7.146862280371215626e-01
9.122010005938665511e-01
2.473643084925738755e-01
3.030339901426961635e-01
8.957840768093385808e-01
6.400654017220027692e-01
3.324677279890251302e-01
2.090578215991898969e-01
7.761046180507991110e-01
7.809893047003582112e-01
1.868715967563666924e-01
5.004015825290197839e-01
6.698304421835978850e-01
7.582751798685607447e-01
2.927070251723448702e-01
8.014468894748995043e-01
7.461362874849980509e-01
4.165959278470739990e-01
3.622217924697239688e-01
5.227787907582071014e-01
4.858656685155877675e-01
4.435780725641991218e-01
6.651905439612274540e-01
2.617610419512871323e-01
4.807924238174289266e-01
4.081894803936361726e-01
6.220138629683671372e-01
5.339061978014871812e-01
7.262783479999738168e-01
2.990729354008440088e-01
4.026778295340848191e-01
6.532336622959601380e-01
5.844683405710907609e-01
5.709491769109942272e-01
8.310512090862827161e-01
6.123202359315189636e-01
2.174599609843395343e-01
8.058291117893308098e-01
3.620259544672785879e-01
7.014981142606435682e-01
2.256885156825065020e-01
2.330453541654381455e-01
8.365375124374725413e-01
7.467367533237966315e-01
9.445401272643052515e-01
4.740265312749806781e-01
4.462782416140103070e-01
8.167261572769746181e-01
8.778194932626058877e-01
7.556822595862980885e-01
4.647591251263946122e-01
2.445004436835723216e-01
2.360873243350347928e-01
4.600425041273354942e-01
4.524005505972429342e-01
8.564991021061321153e-01
4.057799817745322835e-01
4.062335286954264491e-01
3.120072463280221253e-01
2.448186509407224987e-01
3.398368624967813556e-01
8.398271440773528163e-01
2.205551348782796572e-01
3.841131960729763373e-01
8.595666805896708951e-01
6.021812278662308504e-01
1.882302237169976578e-01
5.953638924528910081e-01
6.074453037479756734e-01
2.986518867191517712e-01
1.013527036284769950e-01
5.001565601566738684e-01
8.763497930187436058e-01
4.132833039404221198e-01
4.993631711056647493e-01
2.572993922217275409e-01
6.712023774469604298e-01
2.923108787882863768e-01
9.219943491290651938e-01
6.270505844354905545e-01
8.187388001288753436e-01
3.865484088040693211e-01
6.750272316562092589e-01
5.018435775192484627e-01
2.102255741571544823e-01
4.270297854090868706e-01
5.197010371839092535e-01
2.932141364431821162e-01
4.658854623242669746e-01
8.341633592494511751e-01
7.002092474184610227e-01
4.235836422770848375e-01
5.929097168474752877e-01
6.328395808715028270e-01
7.209622878568617832e-01
8.385396729952423467e-01
4.247089143099499475e-01
3.331691722720919180e-01
5.069642148063555620e-01
3.518324193148171797e-01
1.721461880034658720e-01
8.162104724595409255e-01
1.989403469136988567e-01
7.447441914821991693e-01
8.661315414910457644e-01
8.116787342736770938e-01
8.297786853653252859e-01
1.359375770238583081e-01
4.491719433929905470e-01
4.632141341611455410e-01
4.286941560142896179e-01
2.783673096195856123e-01
1.904868273136902657e-01
3.384044516998576668e-01
9.636357792174563008e-02
5.096212267843838184e-01
8.005361576640109833e-01
5.778417585502297893e-01
5.203596528403648946e-01
3.849963002512305499e-01
5.890779049969820935e-01
5.338165896006151767e-01
3.015763512057921814e-01
8.252193465050542409e-01
2.903739051359736090e-01
5.051382129649597541e-01
2.635041025413604743e-01
4.214024404801270385e-01
7.776239749695934567e-01
6.676080183195669537e-01
4.720769375150240532e-01
5.085341773452363157e-01
5.999496821382186429e-01
7.069254326049952963e-01
9.529517388407846568e-01
3.068168478537190991e-01
5.370267130667414346e-01
4.001839000730415541e-01
4.127638689567169616e-01
2.877564027631128174e-01
2.114304845882020722e-01
2.014631220884451346e-01
9.235454791167823085e-01
1.648720592465996448e-01
5.064730372401278213e-01
5.874465293096984286e-01
1.497704571662848982e-01
6.101014833852103081e-01
2.535523034558688216e-01
5.914517992214076703e-01
4.131871169399692345e-01
7.981546947769790901e-01
4.407383918646971543e-01
3.761285473530988632e-01
8.082519818416781243e-01
1.959732788713456908e-01
7.800119481162979262e-01
5.232297148809978982e-01
2.758234927613185672e-01
4.561841309362594243e-01
7.090049720146301970e-01
4.640422942511032156e-01
3.059875581058557614e-01
7.847530993675264632e-01
3.889028056121898724e-01
4.905611743188890705e-01
8.505061188363048919e-01
4.624561218537732721e-01
4.486573583091275630e-01
2.456294546340432317e-01
5.160439266242459189e-01
4.387373217478596210e-01
2.891915717147715004e-01
7.344555323013981507e-01
4.227158405472151714e-01
4.039333562272076628e-01
3.543773197263878072e-01
4.899923779376519906e-01
8.983850105232457084e-01
2.742987163325502631e-01
3.128045971005188330e-01
7.365411877658786244e-01
5.883540466218443177e-01
8.848822515495691210e-01
5.065657950115574071e-01
3.341745787897453246e-01
9.360587214635728015e-02
3.383082727619836083e-01
8.931471797927859058e-01
4.353155659654260878e-01
2.189699173976141500e-01
3.063727502160514815e-01
6.400949238216430137e-01
3.285856691959725406e-01
8.762946861343593463e-01
7.432112934147384609e-01
1.447083263758173477e-01
