1.606010128744544130e-01
1.167569881156524797e-01
4.716569197935730484e-01
8.570141649560131247e-01
2.428274892831192022e-01
9.225102792213311087e-01
1.903121381329498929e-01
1.123692458958918255e-01
1.556819547064519083e-01
9.338087864207458288e-01
8.258103109556715893e-01
9.086274490739384424e-01
1.424769502125005360e-01
6.147648144728001807e-01
7.696349479502448965e-01
8.026246557919188007e-02
1.515386212641661179e-01
9.424313475307724008e-01
6.057691185021850666e-01
8.297015428065306064e-02
2.783170656064521964e-01
1.234586192444974972e-01
7.902624197663130068e-02
7.690520155463953511e-01
8.277059176385926920e-01
9.228765152422628848e-01
1.885224638874755110e-01
3.178003208702020466e-01
7.512232893925225863e-01
7.091373442270706984e-02
1.056450132131303843e-01
8.029064902948206406e-01
8.418612813972683462e-01
7.858080157356854833e-01
8.586483993119594649e-01
1.619917870551013384e-01
8.101840621644316176e-01
9.346023894018923306e-01
8.019105758781386317e-01
8.352330117178936586e-01
8.477961377455247582e-01
9.017004283962548605e-01
7.766516451336824556e-01
8.713231412080503224e-01
3.255026219355727779e-01
9.173510381563041438e-01
1.168560657884536169e-01
8.156388658677735659e-01
1.721761271040373464e-01
2.375147345767844864e-01
8.685157384682554715e-01
2.911883810158392150e-01
3.678996203220182837e-01
8.383019687521475749e-01
6.940673356332455191e-01
1.105037152143413526e-01
9.102209200756303797e-01
1.766964949432422161e-01
5.959437717171187643e-01
1.413413450434769514e-01
8.756908974929367151e-01
2.358896622832996615e-01
2.798601444432066154e-01
7.083539338054303247e-01
8.317875001468403307e-01
2.089294116748573737e-01
3.090327401327473966e-01
7.680009503751521471e-01
6.845734513030901081e-01
8.123889349437685148e-01
8.281917639524730701e-01
1.624464922918271437e-01
8.720920179630250457e-01
8.795057528409395697e-01
8.260093853796943719e-01
1.660666045594121065e-01
8.186308386882605870e-01
6.863640739860108475e-01
8.808664826790207902e-01
2.674307670624946343e-01
1.812171373353396175e-01
7.857726025051935403e-01
3.382403781326774883e-01
9.421751734808589962e-01
8.588581583814597353e-01
8.006971289643102230e-01
5.311320955058824733e-01
7.547674530743774257e-01
7.646095471082958728e-01
8.220784025199330269e-01
6.303473699886175119e-01
9.171907908971918544e-02
1.688340468804456207e-01
1.312637023549032000e-01
8.661031523158251311e-01
1.192943767357065865e-01
2.287176221426714118e-01
2.576600333135621868e-01
8.176321653476867901e-01
7.531294142195791297e-01
6.874830361838868420e-02
2.841099611058306440e-01
8.056108438531013327e-01
8.251236406607158624e-01
1.882464878623944238e-01
7.929749379827748523e-01
7.609606801169708223e-01
8.574113423082828644e-01
9.448049587927015436e-01
8.728339909702743649e-01
6.435185051173941684e-01
2.991016659351172224e-01
7.035369536841831195e-01
2.114989283190798208e-01
8.564442872519958949e-02
1.833739825748039454e-01
8.601847010598053789e-01
1.394338798262232670e-01
3.189754924831362803e-01
9.858715178663421397e-02
2.181515886804497595e-01
8.302532710438338404e-01
8.485804838916024551e-01
2.831964128654587132e-01
6.511074317517833165e-01
8.632899701587530839e-01
1.796219338395971254e-01
6.670167412520711103e-02
9.417422510044939354e-01
2.492975124344296300e-01
8.816490951803658271e-01
2.016260239333631521e-01
1.189380962894195093e-01
9.012398020257668119e-01
1.258352140657600093e-01
8.834864878898891494e-01
7.335819354765200639e-01
8.386102963001030863e-01
7.377278503899834528e-01
7.437555758322222932e-02
2.251119218802706545e-01
5.870813588166151620e-01
8.723721982190236757e-01
1.688633055009668427e-01
1.988455193901614015e-01
8.572364428269121372e-01
3.942175227929841097e-01
1.401003730396523650e-01
8.874944535194244366e-02
1.332224840152284040e-01
8.806975654466114856e-01
8.325181971324469021e-02
8.984725756518221473e-01
7.906612571300487835e-02
3.315113041223577972e-01
6.823250840717378640e-01
9.108939275934938573e-01
9.206231797576182041e-01
4.152381814369283108e-01
7.341670591961690917e-01
8.301260981660243399e-01
9.202165960224301111e-01
7.786712906585525618e-01
6.919234895590806178e-02
7.721114366587220057e-02
9.875388642060070610e-02
1.727095570390901336e-01
8.995500974039457587e-01
1.660557427908752048e-01
3.284892010897168535e-01
9.092892898204347762e-01
8.125434629541486986e-01
8.293117871234813032e-01
2.751974760271043152e-01
4.245652359019351785e-01
8.199443641138365324e-01
4.858533091452553188e-01
1.236006600375785525e-01
8.430721016001162527e-01
1.519152020439628326e-01
5.056268548091138459e-01
4.143708923401118183e-01
8.589547932648199380e-01
5.516676431961109461e-01
1.073488744170847109e-01
6.935860689092436804e-01
1.648262492073017671e-01
2.409060599002296466e-01
9.313168077171679604e-02
1.449211942744539350e-01
6.303359395737536675e-01
9.370784253255333152e-01
9.493973012815684620e-02
2.128373152838655691e-01
1.504803213950594576e-01
9.124010332823581093e-01
1.251379252242150464e-01
8.674080169391109596e-01
2.564732325706381433e-01
1.281028501048519785e-01
1.949227260700040487e-01
9.079932039197164961e-01
8.728189633646682433e-01
8.581099647489127680e-01
2.638749769596462347e-01
9.943046576809302928e-02
7.742005045254145568e-01
9.392300535972553099e-01
8.332383049566356448e-01
2.817646458033407075e-01
1.466205049545449279e-01
1.815504130530938842e-01
1.069228091251807344e-01
1.093327708530811154e-01
8.249810200310028763e-02
5.338470713567391446e-01
9.328239755042325720e-01
9.379732975943417816e-01
6.551201662366393230e-02
1.661505147413671057e-01
7.166884448720551859e-01
8.282116352767742162e-01
6.443490492413032067e-01
1.269860852218246405e-01
6.795612082183166702e-01
1.909228076652202399e-01
1.495266563790199066e-01
1.933156423909835331e-01
2.511094347230709012e-01
8.518602028330019005e-01
1.600958932336969121e-01
9.085715594412918650e-02
8.783903459214167375e-01
2.667277440778806907e-01
7.233201279171891374e-01
9.135481336783100037e-01
1.237407695385437101e-01
1.948924657592850940e-01
1.623302701243035939e-01
8.210952039707259953e-01
5.432051389533294472e-01
2.222853565539924525e-01
9.216893744305780789e-01
2.595670652414692192e-01
8.577894018725487624e-02
9.449129094237798121e-01
8.328827703156472806e-01
1.456721587848998911e-01
1.686459032411784520e-01
8.212684335731177399e-01
7.361467571236830487e-01
2.414913201238249041e-01
6.170383501717439101e-01
2.324728610771509552e-01
6.913943817230680522e-02
8.823705956212448687e-01
2.795807632337821147e-01
1.558255397668141251e-01
8.200862319096933195e-01
9.195541655429579908e-01
8.097678167875738131e-01
9.326326452284586788e-01
9.278494029145388788e-01
1.254492722135052696e-01
8.632308379570090562e-01
8.789101048381684489e-01
3.507860971846962217e-01
4.912802139016645975e-01
6.710785963899201789e-01
1.292516405781869993e-01
7.141220410053896739e-01
6.894794738884327812e-01
6.429928674750087780e-02
2.003840686545199645e-01
1.430305719618976401e-01
1.998784289334305520e-01
5.628157364632571102e-01
5.377795286681388287e-01
7.171537440877908676e-01
9.230741053021824793e-01
1.982006900504066083e-01
2.032344191860947502e-01
3.356941755775696423e-01
8.135552715952123481e-01
8.496424544591528738e-01
2.573438732299612175e-01
9.288423255825248304e-02
4.344964264298292744e-01
6.870442232516644765e-01
2.334662380050211150e-01
2.219106846792855137e-01
1.325833116083428853e-01
7.738930708324018859e-01
9.340464574985016810e-01
9.190298554492096761e-01
8.436340137830196095e-01
4.192758804720621013e-01
3.096303073421561858e-01
7.049939346777464033e-01
2.200779354421338874e-01
2.143231669082047708e-01
3.413424094191411795e-01
9.119712514939880554e-01
7.780078539286530148e-01
7.211913221131663887e-01
8.992173208450972011e-01
1.459628316256775804e-01
3.280143253273992698e-01
4.992725159385002498e-01
1.316610824413954606e-01
3.526059507599167420e-01
8.901325654348740679e-01
2.937563573669485506e-01
7.755834334174495082e-01
9.379654957708785101e-01
1.307829789787149088e-01
7.610532322646466064e-01
1.228799420020506433e-01
8.669563866002657493e-01
5.797192154700777644e-01
7.196845722938249867e-02
1.104620342648583858e-01
7.640878424890411580e-01
8.887486973539217017e-01
2.862687886821965177e-01
1.560216293186273973e-01
1.095337381778041241e-01
1.956980496888097720e-01
7.103867681449569371e-01
1.629307055811810845e-01
9.452248508133965776e-01
8.951813260260318428e-01
8.906619695698875239e-01
8.499925388404746540e-01
8.711307621026123660e-02
8.100203395188927402e-01
9.656350296649611475e-02
6.699794842004107298e-02
8.002701371624311166e-01
7.830983053042539499e-01
1.671070979303032056e-01
8.898067230883195677e-02
9.290945837183051115e-01
2.338713660080301016e-01
6.930113671028453881e-01
1.422170540267140015e-01
2.918588860200853619e-01
7.281755658774161644e-01
8.714498189177990461e-01
2.395724078179392313e-01
2.082428619118104340e-01
8.675917704919778872e-01
1.827171206629781275e-01
1.097459729768940073e-01
8.069010377380166077e-02
1.184848594342931827e-01
9.049509280016347912e-01
2.372145741552704468e-01
8.484956984095192167e-01
6.364975858565810607e-02
1.541557204367775546e-01
1.462475618048219295e-01
8.418882693466149814e-01
1.376902125370388918e-01
8.549007161567360180e-01
6.363845783839033876e-01
1.408952388405891321e-01
1.481152811731853147e-01
9.176897879582786022e-01
9.422871994357330250e-01
7.072306818717796761e-02
9.486394744865858653e-02
6.824676468997082912e-01
1.824227200953634498e-01
4.813823556180221730e-01
8.589926861122542112e-01
8.351450151860824178e-01
9.250846709873338236e-01
1.037015492441128173e-01
9.370671535559076393e-01
9.705898035827555115e-02
7.461746073727543171e-01
8.557802921409958241e-01
9.149284710130966003e-01
6.913317986151761296e-01
5.722373603743848847e-01
2.606437119739720698e-01
7.251768871124553151e-01
1.876542190557023426e-01
2.259336418660408963e-01
8.570617099762867230e-01
1.992007184520663832e-01
7.936757041680051472e-01
8.114835780191278491e-01
8.448621737654159469e-01
6.498542695739522035e-01
8.623209741234375558e-01
4.330112938551634039e-01
1.469283044748182498e-01
2.580797770673242120e-01
8.433734064634414995e-01
6.642084603810057830e-01
1.103432225545436934e-01
8.279506806551342191e-01
9.398456300936530727e-01
1.350176428022213104e-01
2.024988751717391455e-01
9.291657850185408574e-01
8.160336151787374037e-01
2.001138091145276687e-01
1.081336461749260180e-01
8.818243293788737835e-01
8.094610772504067242e-01
8.360540380602296540e-02
6.615537248594557385e-01
8.043649331746139941e-01
8.351565129244827856e-01
1.257220067577561884e-01
8.847910686104396571e-01
8.028007395530457613e-01
3.890505185704763447e-01
1.679105236542637603e-01
7.471909732201551524e-01
6.867647857392560340e-01
6.197758260458672286e-01
8.002359210251211996e-01
1.312377059144121949e-01
2.625690817290353696e-01
4.301844060088036437e-01
4.412412239450234641e-01
3.002933530706591303e-01
7.686194590425940998e-01
2.407905568309653410e-01
2.625279063351163567e-01
7.677498407073968245e-01
7.203154283096631083e-01
7.216089389170737833e-01
8.566359675840533594e-01
4.108796450610331941e-01
1.094653283914643616e-01
8.311517786831689181e-01
2.279712489061940794e-01
8.336467349787706205e-01
1.203494040968103029e-01
1.155740621328589235e-01
8.879769452684402875e-01
8.916765396611424643e-01
9.352865250390848262e-01
6.182111887258600058e-01
2.953922742763269715e-01
8.870138174844746093e-01
8.971433701361644086e-01
8.779233409855522474e-01
6.069643613441727537e-01
1.808872042066398123e-01
1.719027207520943124e-01
6.620888555818564836e-01
2.504174599490847086e-01
8.925293466773752682e-01
2.449735506063496215e-01
2.509218089590632417e-01
1.426583446725749049e-01
1.372523981603797072e-01
2.121364403929712206e-01
8.902106898489353659e-01
1.423891826834788044e-01
2.611057964343609927e-01
8.935212161224388439e-01
8.088858691539911883e-01
9.633853615036105933e-02
3.920692013324644232e-01
7.668836283781897967e-01
1.903220935832738714e-01
7.107594518311616261e-02
7.291763451083893566e-01
9.198758755806093479e-01
2.414331301427770915e-01
6.583148600302873854e-01
1.649746880784794811e-01
7.980894305776403685e-01
1.559416453066780617e-01
9.395756380043617240e-01
6.773099765372944114e-01
8.978506011398412756e-01
2.673028211748839089e-01
8.191654851809749838e-01
6.816966869823882780e-01
9.987574542309292369e-02
2.630100571701167178e-01
5.280105276051886287e-01
1.609413229872981299e-01
2.648458278275833688e-01
9.084894139728989515e-01
7.155965626835498750e-01
2.691178548778421220e-01
6.528046033077087307e-01
8.314385548080074351e-01
8.425006438889106608e-01
9.201329771083022191e-01
2.756831737393516946e-01
2.414323524774505680e-01
3.777938005655664400e-01
2.083634431226042139e-01
1.258385377855368581e-01
8.626080495736374587e-01
1.193557415017627854e-01
8.540504093795724394e-01
8.913856677599302225e-01
8.432190688273892842e-01
8.814501984549005797e-01
7.828453960073221418e-02
4.778482734368275642e-01
2.882445888422894842e-01
3.779702346694211457e-01
1.530183731343112696e-01
8.547337858872960936e-02
2.265852974245442242e-01
7.751927488663626353e-02
5.221375581487776030e-01
8.792630533374004020e-01
7.405136326780527023e-01
6.991952203969795665e-01
5.471039317902927079e-01
7.611293683231747931e-01
4.571255564581223063e-01
2.177929962459098090e-01
8.911967268871933134e-01
2.083701044422203996e-01
4.740631409641372640e-01
1.730648851432862734e-01
3.198265298665589063e-01
8.872072591258440832e-01
8.484031681238785039e-01
4.067721335416462636e-01
3.557712322936834592e-01
4.480509222195752095e-01
8.595712729448210521e-01
9.496275771445960023e-01
1.596777982201094404e-01
7.054115030393482977e-01
2.289598446541007137e-01
2.256224985434862329e-01
1.932208706730341174e-01
1.071922402048111206e-01
9.827054869081949806e-02
9.345093351522751890e-01
1.022330919697261170e-01
6.896894706824050481e-01
7.172277598049330294e-01
1.095826734909353534e-01
5.530049809988188958e-01
1.913681824804151776e-01
7.348822565877718427e-01
5.882682552911735474e-01
8.435055165194154103e-01
3.196341273733550592e-01
2.334696668091754135e-01
8.992650548962851653e-01
1.054614298179668425e-01
8.598543842464856368e-01
6.612982309995273367e-01
1.495358198480653544e-01
4.387009718227207755e-01
8.056610111648241368e-01
4.522864187633087174e-01
1.723638679523359085e-01
8.771708648040617007e-01
2.261773861644700567e-01
4.291603878844024722e-01
8.463145373405877026e-01
6.689983178173406486e-01
6.478846228586310207e-01
1.101026387289709418e-01
2.995117261032633205e-01
3.034733695567125022e-01
1.672309708183212507e-01
8.183790282415922546e-01
3.080003528778892941e-01
4.313778203687143042e-01
1.779124294067360723e-01
3.383000759551049730e-01
9.136330007461885838e-01
1.622193267010956785e-01
1.621966402258780138e-01
8.774391733396760262e-01
7.995712248661556165e-01
9.316613794455571584e-01
6.635092344596233982e-01
2.119227275670093058e-01
6.819051119250711668e-02
2.112131280766854913e-01
9.051122720056357096e-01
2.421705187826347083e-01
1.245908187819334267e-01
1.762616852134312462e-01
7.903572974242112359e-01
2.004608743506482993e-01
9.251078004373350927e-01
8.562080440954413785e-01
1.086404668953361435e-01
